0.6854704906375918 0.5861587718578114 0.7111547853016497 0.6110498591204214 1 10
0.670459034526349 0.5966669403168869 0.7041669148154766 0.6318142839642288 1 11
0.6556846014063364 0.6004433133568673 0.7006332757628094 0.6465760137204459 1 12
0.6700639962076321 0.5833675396108694 0.7247136362734005 0.6374290497774511 1 13
0.6532353638302916 0.5859124866595518 0.724078375320112 0.6563354975703377 1 14
0.6503910879355298 0.5841884902717347 0.7320389891410081 0.6706684633917269 1 15
0.6364857391166944 0.5838601100073886 0.7373990034343795 0.6878598554453019 1 16
0.6363277237892075 0.5744191774074379 0.7521092648839656 0.6939850545142717 1 17
0.6330094019119855 0.5724488958213612 0.7634248506144165 0.7044387275919801 1 18
0.6310342103184009 0.567769477054429 0.7748198439640284 0.7164441177671608 1 19
0.6225013826341155 0.5656350053361793 0.7853215015980783 0.7307975009187798 1 20
0.6854704906375918 0.5861587718578114 0.7111547853016497 0.6110498591204214 2 10
0.670459034526349 0.5966669403168869 0.7041669148154766 0.6318142839642288 2 11
0.6556846014063364 0.6004433133568673 0.7006332757628094 0.6465760137204459 2 12
0.6700639962076321 0.5833675396108694 0.7247136362734005 0.6374290497774511 2 13
0.6532353638302916 0.5859124866595518 0.724078375320112 0.6563354975703377 2 14
0.6503910879355298 0.5841884902717347 0.7320389891410081 0.6706684633917269 2 15
0.6364857391166944 0.5838601100073886 0.7373990034343795 0.6878598554453019 2 16
0.6363277237892075 0.5744191774074379 0.7521092648839656 0.6939850545142717 2 17
0.6330094019119855 0.5724488958213612 0.7634248506144165 0.7044387275919801 2 18
0.6310342103184009 0.567769477054429 0.7748198439640284 0.7164441177671608 2 19
0.6225013826341155 0.5656350053361793 0.7853215015980783 0.7307975009187798 2 20
0.6961365252429486 0.592480091946474 0.715760427212991 0.6078239209440973 3 10
0.652919333175318 0.6322961989984401 0.6782601790641812 0.6588468291886153 3 11
0.6908430117721419 0.5804942122978409 0.7287435729458241 0.621054350933072 3 12
0.6897369044797346 0.5873081027830227 0.7297758719949179 0.634019355629058 3 13
0.6893418661610177 0.5731056563500534 0.7473448077343021 0.6371227898240026 3 14
0.6506281109267599 0.6095558656924719 0.7222321481746173 0.6827759402180571 3 15
0.6805720154855021 0.5731877514161399 0.7697179044329303 0.6632161378578137 3 16
0.6741723947222881 0.5758968885969953 0.7773013320628114 0.6844909959573686 3 17
0.6602670459034526 0.5818077333552254 0.778849780636452 0.7070113112009474 3 18
0.6943983566405941 0.5351777358180774 0.8283802830881624 0.687226918208175 3 19
0.6480998656869716 0.5781955504474181 0.8129553530661267 0.7481522316141941 3 20
0.6981907245002765 0.5912486659551761 0.7168324300716654 0.6076401649720282 4 10
0.6864975902662558 0.5987193169690501 0.7100430786333949 0.6260361795091673 4 11
0.6921071343920361 0.5819719234873985 0.7274333472296667 0.6225652333700845 4 12
0.6972426325353559 0.5765536491256875 0.7397812320092113 0.6261791008207767 4 13
0.6857865212925653 0.5749117478039569 0.7466102872570624 0.6418596104373392 4 14
0.6729082721023939 0.5883753386421476 0.7467889544001747 0.6632773898485034 4 15
0.6585288773010982 0.594039898202118 0.7506203720246958 0.6893094858916248 4 16
0.6550525400963894 0.5992939824316559 0.7566752029857264 0.7002735922250807 4 17
0.6619262068420637 0.5779492652491586 0.7861155777896889 0.705888358038303 4 18
0.679307892865608 0.5515146539692964 0.8198241121235582 0.7034995304014047 4 19
0.6368807774354113 0.5854199162630326 0.8121612768745161 0.7590550859569603 4 20
0.6966895788891523 0.5914949511534356 0.7111547853016497 0.6065172118093838 5 10
0.6468357430670775 0.6428864625236024 0.6680563000019852 0.6687083996896566 5 11
0.7239472228806194 0.5528281750266809 0.7515137077402577 0.5863244722120136 5 12
0.7422770008690843 0.5229455709711847 0.7792666706370476 0.5685818122422313 5 13
0.6790708698743778 0.5922338067482145 0.7327735096182478 0.6508432357384948 5 14
0.6253456585288772 0.6418192266644774 0.6878089452682985 0.703234105108416 5 15
0.6631903294619578 0.6022494048107708 0.7344013658110495 0.6809996324880558 5 16
0.6253456585288772 0.6447746490435925 0.7033529867190756 0.7239576952917637 5 17
0.6578178083274078 0.591084475823003 0.7689833839556905 0.7070113112009474 5 18
0.7090937820968634 0.5337821196946063 0.8287574692791774 0.6654416268528727 5 19
0.5882910642332306 0.6430506526557754 0.7448236158259385 0.7993793131610111 5 20
0.6652445287192857 0.6217880305393646 0.6845532328826951 0.6393278614888317 6 10
0.6869716362487162 0.6019210245464247 0.7066682548190499 0.6308546694434236 6 11
0.7471754760211741 0.5257368032181265 0.7778373334921486 0.5595777696108457 6 12
0.7118590503278818 0.5572613085953534 0.7551863101264567 0.6091510474090408 6 13
0.6943983566405941 0.5753222231343896 0.7535187501240744 0.6367348605496346 6 14
0.6774117089357667 0.5891141942369263 0.7482976991642348 0.6592347584629834 6 15
0.7114640120091649 0.5487234217223544 0.7953070097075814 0.6400016333864184 6 16
0.6442284901635459 0.6226089812002299 0.7328926210469895 0.7104005880191107 6 17
0.681362092122936 0.5644856744109679 0.8004089492386794 0.6879006901057618 6 18
0.6927391957019831 0.5521714144979887 0.8222460445079706 0.6932908652864551 6 19
0.6156277158884412 0.6281914456941138 0.772993468723324 0.7859038752092776 6 20
0.6469147507308209 0.641737131598391 0.6629742123756774 0.6544775205194169 7 10
0.6567117010350004 0.6367293325671127 0.6751235781073194 0.6593572624443628 7 11
0.7338231808485423 0.5415811509728266 0.7597721001330078 0.5719506717301646 7 12
0.6657975823654895 0.591084475823003 0.7090107795843011 0.6402466413491772 7 13
0.7000869084301177 0.5767178392578606 0.7481587358307029 0.6276287312670995 7 14
0.6353796318242869 0.6350874312453821 0.6938439243245389 0.692698762709788 7 15
0.7907086987437781 0.45497085625153927 0.858813253131638 0.5347707133815183 7 16
0.6966895788891523 0.5786060257778507 0.7733309511047585 0.6576013720445915 7 17
0.6541044481314687 0.6037271160003284 0.7556032001270522 0.7078280044101434 7 18
0.6817571304416529 0.5682620474509482 0.790999146368094 0.6910449589611662 7 19
0.6289010033973296 0.6231836466628355 0.7558811267941159 0.7515619257625873 7 20
0.6905269811171684 0.5960922748542813 0.7075417386298215 0.6162358609988158 8 10
0.6926601880382397 0.5974878909777522 0.712603974351339 0.6236269345420393 8 11
0.7327960812198784 0.5451933338806337 0.762491811089274 0.5767895789946507 8 12
0.6330094019119855 0.6289303012888925 0.6830047843090544 0.679754175344032 8 13
0.6419372679149877 0.6349232411132091 0.6995215690945547 0.6880844460778308 8 14
0.6928182033657265 0.5716279451604959 0.7624521072796935 0.6436563354975703 8 15
0.7462273840562534 0.5135046383712338 0.8182161078355468 0.5942259790109845 8 16
0.7060124832108714 0.5612018717675068 0.790026403033371 0.648393156110907 8 17
0.6255826815201074 0.6326245792627863 0.7351160343834992 0.7391073543223489 8 18
0.7037212609623134 0.5474919957310566 0.8216306354594723 0.677937032953571 8 19
0.6323773406020384 0.6252360233149987 0.7695987930041888 0.7662828208583445 8 20
0.6100181717626609 0.6633281339791478 0.6300399023286284 0.6815713177344931 9 10
0.693529272339417 0.5942861834003776 0.7118098981597284 0.616582955612724 9 11
0.7518369281820336 0.5093998850669075 0.7724376153891966 0.5420597002735922 9 12
0.6489689499881488 0.6064362531811838 0.6935659976574753 0.6485156600922863 9 13
0.6859445366200522 0.5932189475412528 0.7352947015266115 0.6450651312834333 9 14
0.766137315319586 0.48953287907396764 0.824310642606158 0.5542692637510719 9 15
0.816465197124121 0.40390772514571877 0.8834296150715661 0.4830944505696435 9 16
0.7264754681204076 0.5405960101797882 0.7940166358962143 0.612152394952836 9 17
0.556608991072134 0.6963303505459322 0.6473706152105294 0.7844338274327249 9 18
0.7160464565062811 0.5284459403989821 0.824151827367836 0.6548654497937849 9 19
0.5794422058939717 0.6781873409408095 0.7003950529053262 0.7951937604638818 9 20
0.688393774196097 0.5988014120351367 0.7031147638615926 0.6186451059659439 10 10
0.725922414474204 0.5580001641901322 0.7466896948762234 0.5835272979705174 10 11
0.7614758631587264 0.5071012232164847 0.7873662477914756 0.5423659602270408 10 12
0.6792288852018645 0.5840243001395616 0.7273142358009251 0.6323042998897465 10 13
0.729003713360196 0.5407602003119613 0.7841105354058722 0.6004328474008739 10 14
0.6949514102867979 0.570396519169198 0.7653107815694916 0.6442484380742374 10 15
0.7721418977640832 0.47360643625318116 0.8498203402616481 0.5617011719547552 10 16
0.6782017855732007 0.5946966587308102 0.7576280944156591 0.6778757809628813 10 17
0.5912143477917358 0.6657088908956572 0.6929902924185576 0.764567765119033 10 18
0.7128071422928024 0.5261472785485592 0.839834832152145 0.6660745640899995 10 19
0.6295330647072767 0.6305722026106231 0.7577869096539813 0.7668340887745518 10 20
0.6710120881725528 0.6195714637550284 0.6854664205030473 0.6337130956756094 11 10
0.7803586947933949 0.4945406781052459 0.7924880392273639 0.5170280534117359 11 11
0.8215216876036976 0.42164025942040884 0.8397951283425644 0.4529788884805423 11 12
0.741407916567907 0.5076758886790904 0.7788894844460326 0.5495528604679653 11 13
0.7219720312870348 0.5515146539692964 0.7697377563377206 0.6021070684797256 11 14
0.6387769613652524 0.6299975371480174 0.7007325352867607 0.6916778961982931 11 15
0.7569724263253536 0.4900254494704868 0.8287971730887579 0.5728898689207399 11 16
0.6420952832424746 0.6261390690419506 0.7128024933992416 0.7016415533504838 11 17
0.5152879829343446 0.7230933420901404 0.6073690270581462 0.8118747192617093 11 18
0.7750651813225883 0.44823906083244397 0.8799555317332698 0.5689901588468292 11 19
0.5656158647388797 0.6896806501929234 0.6875707224108153 0.8054228429090612 11 20
0.6486529193331754 0.6440357934488137 0.6653564409505092 0.6581322226305688 12 10
0.7495457059334756 0.5337821196946063 0.7685069382407242 0.5588019110621095 12 11
0.8320297068815675 0.40481077087267053 0.8522422726460603 0.4399934664543264 12 12
0.6902899581259382 0.5738445119448321 0.7368431501002521 0.6216872881701989 12 13
0.731057912617524 0.5359986864789427 0.7858773549322058 0.5956756094573074 12 14
0.6969266018803824 0.5685904277152943 0.7680900482401286 0.6420229490791785 12 15
0.740143793948013 0.5167063459486085 0.817024993548131 0.6043325574747846 12 16
0.6140475626135735 0.6510959691322552 0.6992833462370714 0.7367797786761403 12 17
0.5392273050485897 0.7102044167145555 0.6357175470986441 0.8021152354118175 12 18
0.7457533380737932 0.4841146047122568 0.8599249597998928 0.6219322961329576 12 19
0.6003792367859683 0.6523273951235531 0.7377364858158141 0.7925395075339948 12 20
0.5645887651102157 0.7000246285198259 0.584698151787664 0.7179345828739434 13 10
0.7272655447578416 0.5630900582874969 0.7412304210589006 0.5840989832169545 13 11
0.8885201864580864 0.31015515967490354 0.9030234450995573 0.3420719506717302 13 12
0.6313502409733744 0.6194072736228553 0.6743692057252894 0.6654620441831026 13 13
0.6878407205498933 0.5744191774074379 0.7367835943858814 0.628527093797215 13 14
0.6651655210555424 0.6038092110664149 0.7215770353165386 0.660316876965168 13 15
0.803270917278976 0.4232000656760529 0.8740198122009807 0.504655151292417 13 16
0.6334834478944458 0.6366472375010261 0.705695511484327 0.7099105720935931 13 17
0.5536857075136288 0.6966587308102783 0.6467552061620312 0.7848421740373229 13 18
0.693766295330647 0.531237172645924 0.8051337025787624 0.6574176160725224 13 19
0.620526191040531 0.6376323782940645 0.7359101105751097 0.7601984564498346 13 20
0.5472860867504148 0.7148838354814876 0.570821670339269 0.7346359590020008 14 10
0.7266334834478945 0.5615302520318529 0.7456176920175491 0.586651149495692 14 11
0.8299755076242396 0.40546753140136277 0.8524804955035435 0.44279064069582263 14 12
0.6172868768270522 0.636154667104507 0.6689496357175471 0.6834497121156438 14 13
0.6786758315556609 0.5813151629587062 0.7386298215313759 0.6454530605578015 14 14
0.7148613415501304 0.5493801822510467 0.7796240049232724 0.620033484421577 14 15
0.7833609860156435 0.44651506444462685 0.8612748893256308 0.5365878557719792 14 16
0.675594532669669 0.5943682784664641 0.7585015782264308 0.6778757809628813 14 17
0.6231334439440626 0.6372219029636319 0.7358902586703194 0.7419453632243048 14 18
0.6569487240262305 0.5864050570560709 0.7785122982550176 0.7158111805300339 14 19
0.6571857470174607 0.6067646334455299 0.7801798582573998 0.7413736779778676 14 20
0.5582681520107451 0.6997783433215664 0.5796954717805174 0.7202621585201519 15 10
0.7062495062021016 0.5823003037517446 0.7207631072201378 0.6087427008044428 15 11
0.821600695267441 0.41975207290041866 0.842832469775475 0.4526726285270938 15 12
0.5456269258118037 0.6750677284295213 0.5966688503761935 0.72469271918004 15 13
0.6853914829738484 0.5731056563500534 0.7361284815278026 0.6230552492956021 15 14
0.7150193568776171 0.5457679993432395 0.7733905068191292 0.6045571481073135 15 15
0.850912538516236 0.329037024874805 0.9193020070275743 0.4019151455755645 15 16
0.7171525637986885 0.5485592315901814 0.7930637444662816 0.6275062272857201 15 17
0.5608754049142767 0.687135703144241 0.6599765747523475 0.7799215974519171 15 18
0.6187090147744331 0.6095558656924719 0.7277708296111012 0.7324308873371718 15 19
0.6579758236548945 0.6080781545029144 0.7667401187143906 0.7253869084078566 15 20
0.6602670459034526 0.6279451604958542 0.6796101085899192 0.6460451631344686 16 10
0.68262621474283 0.6068467285116165 0.7030155043376412 0.6343256155825064 16 11
0.7623449474599037 0.5044741811017158 0.7898477358902587 0.5426926375107191 16 12
0.6111242790550684 0.6341843855184304 0.6665475552379251 0.6823267589529993 16 13
0.6940033183218772 0.5790985961743699 0.7516526710737895 0.6350606394707828 16 14
0.6983487398277632 0.5665380510631312 0.7675738987155818 0.636040671321818 16 15
0.8453029943904559 0.34373204170429356 0.9172969646437575 0.42120952264281925 16 16
0.6891838508335308 0.5800016419013218 0.7691223472892224 0.6610110661929846 16 17
0.5700402939085091 0.6845907560955586 0.668572449526532 0.7759810527175467 16 18
0.6818361381053962 0.5659633856005254 0.8014213963829829 0.6977010086161134 16 19
0.6662716283479497 0.5969132255151466 0.7833958668334227 0.7268365388541794 16 20
0.5738326617681915 0.688367129135539 0.59490203084986 0.7090326268937074 17 10
0.647151773722051 0.6337739101879977 0.6659718499990074 0.6633794764996529 17 11
0.8095125227147033 0.44265659633856 0.8309213269013161 0.47539711707297155 17 12
0.6477838350319981 0.589524669567359 0.6947174081353106 0.6316917799828494 17 13
0.7458323457375365 0.5228634759050981 0.7905425525579179 0.5741557433949936 17 14
0.7173105791261752 0.551925129299729 0.7708494630059755 0.6053942586467393 17 15
0.8344789444576124 0.3541581150972827 0.9061600460564191 0.43235738494834414 17 16
0.6547365094414158 0.6134143337985387 0.7253687491314792 0.686022295724611 17 17
0.5727265544757841 0.6743288728347426 0.6704782323863975 0.7634448119563886 17 18
0.6490479576518923 0.5925621870125606 0.7597522482282175 0.712156478418882 17 19
0.6255036738563641 0.6343485756506034 0.7337859567625513 0.7537874147576463 17 20
0.6666666666666666 0.6207207946802397 0.6876104262203958 0.6380211523541182 18 10
0.6852334676463617 0.5969132255151466 0.7062910686280348 0.630160480215607 18 11
0.7751441889863316 0.4859206961661604 0.807277708296111 0.5284821756707093 18 12
0.6788338468831476 0.5760610787291683 0.7297163162805471 0.6224018947282454 18 13
0.7540491427668484 0.515064444626878 0.8025331030512378 0.5737882314508554 18 14
0.7006399620763214 0.5650603398735736 0.7612014372779068 0.6286087631181346 18 15
0.777277395907403 0.46006075034890404 0.8498203402616481 0.5487770019192291 18 16
0.6160227542071581 0.6502750184713899 0.69842971433109 0.7288986892073992 18 17
0.582997550762424 0.6712913553895411 0.6841164909773093 0.7660378128955858 18 18
0.7112269890179347 0.538379443395452 0.8258193873702182 0.6695250928988525 18 19
0.6488109346606621 0.6130038584681061 0.7649732991880571 0.7403323941361427 18 20
0.609386110452714 0.659633856005254 0.6284517499454073 0.6828371922087468 19 10
0.7152563798688473 0.5599704457762088 0.7325352867607647 0.5908571195230512 19 11
0.84656711701035 0.38116739183975046 0.8725706231512914 0.4185961043733921 19 12
0.5978509915461799 0.631639438469748 0.648760248545848 0.6806933725346074 19 13
0.744489215453899 0.5199080535259831 0.7913167768447382 0.5756257911715464 19 14
0.6562376550525401 0.6102126262211641 0.7131399757806761 0.6624606966393074 19 15
0.824286955834716 0.36573351941548315 0.9019712941456732 0.45091673812732247 19 16
0.6469147507308209 0.6162876611115672 0.7178250253111786 0.6903099350728898 19 17
0.5368570751362882 0.7010918643789509 0.6336728009052469 0.7901302625668668 19 18
0.720154855020937 0.5113701666529842 0.8354475611934965 0.6386949242517048 19 19
0.6541044481314687 0.6071751087759626 0.7610426220395847 0.7267752868634897 19 20
0.650233072608043 0.6380428536244972 0.6691481547654498 0.6570705214586141 20 10
0.7335861578573122 0.5474919957310566 0.753042304409108 0.5776471068643064 20 11
0.7796476258197045 0.4810770872670552 0.810652532110456 0.5213973620809343 20 12
0.621553290669195 0.628684016090633 0.6772278800150875 0.678345379558169 20 13
0.7022991230149325 0.5697397586405057 0.7563575725090822 0.6254849115929602 20 14
0.7109899660267046 0.5551268368771037 0.772397911579616 0.6191963738821512 20 15
0.8366121513786837 0.3627780970363681 0.9110039108252437 0.4431581526399608 20 16
0.670459034526349 0.5951071340612429 0.7532408234570107 0.6820000816693209 20 17
0.6081219878328198 0.6490435924800919 0.7174875429297441 0.7464984278655723 20 18
0.7455953227463064 0.49306296691568835 0.8647092688543466 0.6235248478908898 20 19
0.6680097969503042 0.5914949511534356 0.7883191392214083 0.7225897341663604 20 20
0.5978509915461799 0.6636565142434939 0.6217418061262978 0.6891461472497856 21 10
0.74077585525796 0.53558821114851 0.7593750620372025 0.5676426150516558 21 11
0.7676384609307103 0.4883835481487563 0.7986024259027654 0.5328514843399077 21 12
0.6345105475231098 0.5844347754699942 0.6903499890814524 0.6345093715545755 21 13
0.6695109425614285 0.589524669567359 0.7210410338872015 0.6397362080934297 21 14
0.6651655210555424 0.5977341761760118 0.7228872610326961 0.6532524807056229 21 15
0.8663980406099392 0.29611690337410723 0.9324439679987295 0.365796888398873 21 16
0.6827842300703169 0.5841884902717347 0.7510968177396621 0.660521050267467 21 17
0.5878170182507704 0.6611936622608982 0.6911440652730629 0.7562987463759239 21 18
0.7088567591056333 0.5304983170511453 0.8231393802235325 0.6525991261382662 21 19
0.6909220194358853 0.5594778753796896 0.8020566573362714 0.6826330189064478 21 20
0.6310342103184009 0.6488794023479189 0.6517975899787585 0.6670545959410348 22 10
0.725922414474204 0.5507757983745177 0.7542929744108947 0.5857732042958063 22 11
0.7133601959390061 0.5553731220753633 0.7521489686935462 0.6003715954101841 22 12
0.5923204550841432 0.6377965684262376 0.6529092966470132 0.6895749111846134 22 13
0.7101998893892708 0.5544700763484115 0.7699362753856233 0.6120298909714565 22 14
0.6998498854388876 0.5620228224283721 0.7630079606138209 0.628527093797215 22 15
0.8037449632614364 0.4096543797717757 0.877493895539277 0.4948139981216056 22 16
0.7094098127518369 0.5568508332649208 0.7866714311238163 0.6414716811629712 22 17
0.5757288456980327 0.6791724817338478 0.6789549957318405 0.7717750826901875 22 18
0.7220510389507783 0.5248337574911748 0.8420582454886546 0.6606027195883867 22 19
0.6833372837165205 0.5688367129135539 0.805471184960197 0.7029686798154273 22 20
0.5403334123409971 0.7051966176832772 0.562563277946519 0.7276736493936052 23 10
0.7365884490795607 0.5366554470076348 0.7579854287018839 0.570235615990853 23 11
0.7162044718337679 0.5488876118545275 0.7479403648780101 0.5923680019600637 23 12
0.6289800110610729 0.5934652327395123 0.6845532328826951 0.6449630446322839 23 13
0.6484949040056885 0.6040554962646745 0.7040875071963155 0.6583159786026379 23 14
0.7153353875325906 0.5430588621623841 0.771722946816747 0.603842541549267 23 15
0.8114877143082879 0.37049503324850175 0.88146427649733 0.44687410674180245 23 16
0.6846014063364146 0.5812330678926196 0.7519305977408532 0.6580097186491894 23 17
0.5635616654815517 0.6909941712503078 0.6582494590355945 0.776511903303524 23 18
0.769850675515525 0.4621131270010672 0.8793996783991423 0.5814447302870677 23 19
0.6608200995496564 0.5890320991708399 0.770968574434717 0.7088080362611785 23 20
0.597218930236233 0.666776126754782 0.6197169118376908 0.6881661153987505 24 10
0.7266334834478945 0.5508578934406042 0.7527246739324638 0.585630282984197 24 11
0.6682468199415343 0.6073392989081356 0.7042860262442181 0.649169014659643 24 12
0.6070158805404124 0.6308184878088827 0.6694459333373037 0.6847972559108171 24 13
0.6842063680176977 0.5861587718578114 0.742838425346912 0.6411858385397525 24 14
0.7471754760211741 0.5074296034808308 0.8091040835368154 0.5774225162317775 24 15
0.7775144188986332 0.4328872834742632 0.8563516169376452 0.524909142880477 24 16
0.6630323141344711 0.6075855841063952 0.7389276001032299 0.6871860835477153 24 17
0.608991072133997 0.6559395780313603 0.7135370138764815 0.7534607374739679 24 18
0.7356403571146402 0.5135867334373204 0.8545252416969408 0.6432888235534322 24 19
0.6728292644386505 0.578031360315245 0.7924880392273639 0.7161378578137123 24 20
0.48803033894287745 0.7319596092274854 0.5102733607289619 0.7549512025807505 25 10
0.7612388401674962 0.5095640751990805 0.7839517201675501 0.5409571644411777 25 11
0.6226593979616023 0.6459239799688039 0.6540210033152681 0.6844705786271387 25 12
0.5287192857707198 0.6865610376816353 0.5905147598912116 0.7396177875780963 25 13
0.6327723789207553 0.622773171332403 0.6866773866952534 0.6758544652701213 25 14
0.7091727897606068 0.5499548477136524 0.7671768606197764 0.6111111111111112 25 15
0.7521529588370072 0.4544782858550201 0.8292339149941437 0.5382620768508309 25 16
0.7014300387137552 0.5608734915031607 0.7699759791952038 0.6400628853771081 25 17
0.6165758078533617 0.6442820786470733 0.7145296091159947 0.7353914002205072 25 18
0.7207079086671407 0.5147360643625318 0.8383459392928752 0.6443301073951571 25 19
0.6715651418187564 0.5769641244561202 0.785897206836996 0.7070521458614072 25 20
0.6048036659555976 0.6619325178556769 0.6270224128005082 0.6815917350647229 26 10
0.7403808169392431 0.5314834578441836 0.7692216068131738 0.5644370942055617 26 11
0.6797029311843249 0.59683113044906 0.7138546443531257 0.6362040099636571 26 12
0.5476811250691317 0.6776126754782038 0.6141385265916265 0.7385560864061416 26 13
0.649205972979379 0.6181758476315573 0.7025986143370456 0.6755482053166728 26 14
0.6706960575175792 0.5979804613742714 0.7377563377206043 0.6627261219322962 26 15
0.7342182191672593 0.49232411132090964 0.8184940345026105 0.5868144881375311 26 16
0.6642174290906218 0.605533207454232 0.741329680582852 0.6870839968965659 26 17
0.5942166390139844 0.6659551760939167 0.7064300319615667 0.7642410878353546 26 18
0.7165205024887414 0.5396929644528364 0.8388422369126318 0.6687083996896566 26 19
0.6477838350319981 0.6009358837533865 0.7758322911083319 0.7442525215402834 26 20
0.4822627794896105 0.7343403661439948 0.504575864054156 0.7549512025807505 27 10
0.733349134866082 0.5400213447171825 0.7585412820360113 0.5705622932745315 27 11
0.6200521450580706 0.6488794023479189 0.6512615885494213 0.6878598554453019 27 12
0.5865528956308762 0.63631885723668 0.6487999523554285 0.6937400465515129 27 13
0.5698822785810224 0.6764633445529924 0.6182478708832112 0.7274898934215362 27 14
0.6522082642016276 0.6068467285116165 0.7162567248327477 0.6683204704152885 27 15
0.7419609702141108 0.4566948526393564 0.8319536259504099 0.5445097799011801 27 16
0.6843643833451845 0.5855841063952056 0.7487145891648304 0.6578667973375801 27 17
0.590424271154302 0.6722764961825795 0.6857244952653208 0.7616480868961575 27 18
0.7557083037054594 0.4797635662096708 0.8724316598177595 0.6031279349912205 27 19
0.6837323220352374 0.557507593793613 0.7956444920890159 0.6909632896402467 27 20
0.6002212214584814 0.6635744191774074 0.6225557342226987 0.6839601453713913 28 10
0.7515999051908036 0.5190871028651178 0.7798622277807555 0.5521662787373923 28 11
0.600537252113455 0.6696494540678105 0.6365314751950449 0.7133815182326759 28 12
0.6650075057280557 0.5798374517691487 0.7266194191332659 0.6369594511821635 28 13
0.560322351268073 0.6926360725720384 0.6119151132551168 0.7439462615868349 28 14
0.6304021490084538 0.6395205648140547 0.696841561947869 0.701416962717955 28 15
0.7666113613020463 0.4320663328133979 0.8598058483711513 0.5283392543591 28 16
0.6688788812514814 0.6075034890403087 0.7414289401068033 0.685613949120013 28 17
0.5988780911748439 0.6598801412035137 0.7095666329184285 0.7589529993058107 28 18
0.7207079086671407 0.522699285772925 0.8463065531137712 0.6585814038956266 28 19
0.6815201074504227 0.5601346359083819 0.8075556349631747 0.7060312793499122 28 20
0.5016986647704827 0.7137345045562762 0.5243880650348401 0.7367389440156805 29 10
0.80943351505096 0.4448731631228963 0.8304448811863498 0.47133406835722164 29 11
0.6131784783123964 0.6460060750348904 0.650487364262601 0.6875740128220834 29 12
0.6408311606225804 0.6012642640177326 0.6938042205149584 0.6471476989668831 29 13
0.5115746227384056 0.7209588703718907 0.5585730450836758 0.7703254522438646 29 14
0.5730425851307577 0.6878745587390198 0.63015901375737 0.7417411899220058 29 15
0.7944220589397172 0.39725802479270994 0.8811466460206857 0.4831148678998734 29 16
0.6958995022517184 0.5761431737952549 0.7609433625156333 0.6515578422965413 29 17
0.5500513549814332 0.6979722518676628 0.6495543247374586 0.7905794438319246 29 18
0.6680888046140475 0.5668664313274773 0.7916542592261727 0.6982726938625505 29 19
0.6607410918859129 0.5821361136195715 0.771643539197586 0.7118706357956633 29 20
0.4973532432645967 0.7280190460553321 0.5185913088360828 0.751827351055576 30 10
0.8182033657264755 0.4299318610951482 0.84320965596649 0.4592265915308914 30 11
0.668167812277791 0.5995402676299154 0.7087527048220277 0.6442484380742374 30 12
0.704274314608517 0.5527460799605943 0.7585809858455919 0.6038017068888072 30 13
0.5385162360748993 0.7085625153928249 0.5924800984654478 0.7623831107844339 30 14
0.5532906691949119 0.6991215827928742 0.6207889146963651 0.7620564335007555 30 15
0.8215216876036976 0.3739430260241359 0.9049887836737935 0.4613704112050308 30 16
0.7001659160938611 0.5745833675396109 0.7712465011017807 0.6536812446404509 30 17
0.5664849490400569 0.6810606682538379 0.679292478113275 0.7800645187635264 30 18
0.715809433515051 0.5281996552007224 0.8406090564389653 0.663583649801952 30 19
0.6799399541755551 0.5749938428700435 0.7901455144621127 0.7062354526522112 30 20
0.47230781385794424 0.7249815286101305 0.4946697635638139 0.7464780105353424 31 10
0.818519396381449 0.42402101633691813 0.8407281678677069 0.4550002041733023 31 11
0.68262621474283 0.5727772760857073 0.7213388124590554 0.6172158928498509 31 12
0.6486529193331754 0.5910023807569165 0.7039088400532031 0.6395728694515905 31 13
0.5620605198704274 0.681389048518184 0.6116173346832628 0.735003470946139 31 14
0.574148692423165 0.6758886790903866 0.6341889504297937 0.7343705337090122 31 15
0.8155171051592004 0.38133158197192346 0.8982391360451035 0.46588264118583855 31 16
0.7268705064391245 0.5384615384615384 0.7907212197010303 0.6104577565437543 31 17
0.5203444734139212 0.7042935719563255 0.6242431461298712 0.7998080770958389 31 18
0.7048273682547207 0.5380510631311058 0.8177595140253707 0.6599901996814896 31 19
0.6472307813857944 0.6001149330925212 0.7522283763127072 0.7260810976356732 31 20
0.5391482973848464 0.6900090304572695 0.5647271355686578 0.7143207154232513 32 10
0.7796476258197045 0.48140546753140134 0.8077144502014968 0.5165380374862183 32 11
0.6719601801374734 0.5831212544126098 0.7169316895956167 0.6320184572665278 32 12
0.6912380500908588 0.5528281750266809 0.7497270363091338 0.6075789129813386 32 13
0.5438887572094493 0.7024053854363352 0.598276854664205 0.7576462901710972 32 14
0.6366437544441811 0.6307363927427961 0.7047823238639748 0.6952509289885255 32 15
0.8230228332148218 0.3830555783597406 0.9041351517678121 0.4649026093348034 32 16
0.7214189776408312 0.5507757983745177 0.7899866992237905 0.6273020539834211 32 17
0.5832345737536541 0.6634923241113209 0.6970599329005618 0.7672832700396096 32 18
0.7007189697400648 0.5404318200476151 0.826931094038473 0.6757727959492017 32 19
0.6831792683890338 0.5680978573187752 0.7991582792368928 0.704663318224509 32 20
0.47128071422928025 0.7212051555701502 0.4937367240386715 0.7440891828984442 33 10
0.7642411313897448 0.4945406781052459 0.7914160363686896 0.5296255461635837 33 11
0.6277948961049222 0.6129217634020195 0.6684533380977905 0.6586834905467761 33 12
0.6357746701430038 0.5812330678926196 0.6936057014670558 0.6292621176854915 33 13
0.47918148060361854 0.7416468270256957 0.5300260059952753 0.7956837763893994 33 14
0.6277158884411788 0.6408340858714391 0.6835407857383916 0.6961084568581812 33 15
0.879355297463854 0.28125769641244563 0.9440176284914538 0.3545061047817387 33 16
0.7442521924626688 0.5244232821607422 0.8038631806721855 0.5932867818204092 33 17
0.6060677885754918 0.6345127657827765 0.712901752923193 0.7401078035036138 33 18
0.73540333412341 0.49659305475740906 0.8525599031227046 0.6187471926170934 33 19
0.7147033262226435 0.5281996552007224 0.8167867706906478 0.6470660296459635 33 20
0.5801532748676622 0.662425088252196 0.6020685684791456 0.6847768385805872 34 10
0.7326380658923916 0.5398571545850095 0.762412403470113 0.5770141696271796 34 11
0.6862605672750257 0.5658812905344389 0.7296369086613861 0.6165421209522642 34 12
0.6381449000553053 0.6032345456038092 0.6992436424274909 0.6568255134958553 34 13
0.4979853045745437 0.7336836056153025 0.5537093284100609 0.7884764588182449 34 14
0.6255036738563641 0.6445283638453329 0.6889802076509242 0.7042141369594512 34 15
0.8564430749782729 0.32616369756177654 0.9239473527484963 0.39928130997590755 34 16
0.732322035237418 0.5418274361710861 0.7989597601889902 0.6169504675568622 34 17
0.5895551868531248 0.6609473770626385 0.7013677962400492 0.7628322920494917 34 18
0.7143872955676701 0.5236023314998769 0.8390606078653247 0.6600514516721794 34 19
0.711701035000395 0.5330432640998276 0.8236753816528696 0.6595614357466618 34 20
0.5762818993442363 0.6619325178556769 0.5971651479959502 0.6873290048593246 35 10
0.7231571462431856 0.5469173302684509 0.7488932563079428 0.5810568010126996 35 11
0.6569487240262305 0.5847631557343403 0.6998987552855697 0.637857813712279 35 12
0.6602670459034526 0.5733519415483129 0.7127230857800806 0.6209522642819225 35 13
0.4307497827289247 0.7761267547820376 0.4739046711531972 0.8230225815672343 35 14
0.6161807695346448 0.6512601592644283 0.6717487542929744 0.7068275552288783 35 15
0.882436596349846 0.26680896478121663 0.9471542294483156 0.34027522561149903 35 16
0.7446472307813858 0.5313192677120105 0.8043197744823616 0.6018008085262772 35 17
0.5553448684522398 0.6817174287825302 0.6571973080817104 0.7774919351545592 35 18
0.7421189855415975 0.4884656432148428 0.8562325055089036 0.6091918820695006 35 19
0.7347712728134629 0.5016829488547738 0.8353085978599647 0.6194209645146801 35 20
0.6573437623449475 0.611444052212462 0.6798681833521927 0.6335089223733105 36 10
0.7030101919886229 0.5774566948526394 0.7313640243781391 0.6088039527951326 36 11
0.6298490953622501 0.6117724324768081 0.6794909971611777 0.6670954306014946 36 12
0.6224223749703721 0.6189967982924226 0.6823893752605562 0.6733022989913839 36 13
0.41818756419372677 0.7886872998932765 0.46453457209219223 0.8355588223283923 36 14
0.6673777356403571 0.6012642640177326 0.7302126139003038 0.6666666666666666 36 15
0.8631587263964604 0.32271570478614237 0.9313918170448454 0.40085344440360976 36 16
0.7561033420241764 0.5190050077990312 0.8196057411708654 0.5950835068806403 36 17
0.5550288377972663 0.6840981856990395 0.662120580469696 0.7846992527257136 36 18
0.7695346448605515 0.46744930629669157 0.8884918507930836 0.594736412266732 36 19
0.7154143951963341 0.5350956407519908 0.8212137454588768 0.6586834905467761 36 20
0.6029074820257565 0.6418192266644774 0.6266849304190737 0.6701784474662094 37 10
0.7199178320297068 0.5565224530005747 0.7458956186846127 0.587651598676957 37 11
0.6391719996839693 0.5854199162630326 0.6820915966887022 0.6309975907550329 37 12
0.6654815517105159 0.570560709301371 0.7170110972147777 0.6175834047939891 37 13
0.4310658133838982 0.7770298005089894 0.473070891152006 0.8221650536975785 37 14
0.6641384214268784 0.6021673097446844 0.7206836996009767 0.6595614357466618 37 15
0.8890732401042901 0.2818323618750513 0.947412304210589 0.34932010290334436 37 16
0.7773564035711464 0.48953287907396764 0.8353085978599647 0.5565764220670505 37 17
0.5066761475863159 0.7168541170675642 0.5994084132372501 0.8039323778022786 37 18
0.7656632693371257 0.47664395369838275 0.8744367022015762 0.5940422230389154 37 19
0.6868136209212293 0.5635826286840161 0.7850038711214341 0.6794070807301237 37 20
0.6677727739590741 0.6024956900090305 0.6925138467035912 0.6244232104210053 38 10
0.7471754760211741 0.5245874722929152 0.7745419172969646 0.5589856670341786 38 11
0.6970056095441258 0.5442081930875954 0.7403172334385484 0.5963289640246642 38 12
0.621553290669195 0.6189967982924226 0.6817342624024775 0.6734452203029931 38 13
0.5177372205103895 0.7193169690501601 0.5661763246183471 0.7716321613785782 38 14
0.6474678043770246 0.6218701256054511 0.7065094395807278 0.6820613336600106 38 15
0.8712175080982856 0.3143420080453165 0.9320866337125047 0.38725550247049695 38 16
0.7526270048194675 0.5231097611033577 0.8126575744942727 0.5939401363877659 38 17
0.5522635695662479 0.6879566538051063 0.6534055942667699 0.7822083384376659 38 18
0.7874693845302995 0.4521796240045973 0.8962936493756576 0.5738290661113152 38 19
0.70364225329857 0.5509399885066908 0.8077541540110773 0.6714239046102332 38 20
0.701588054041242 0.5630900582874969 0.7234232624620333 0.5852627710400587 39 10
0.7917357983724421 0.4650685493801823 0.8142258749727036 0.4970803217771244 39 11
0.7497827289247057 0.4827189885887858 0.7857979473130446 0.527951325084732 39 12
0.5388322667298728 0.6735079221738773 0.5966887022809838 0.7306137449467107 39 13
0.4532669668957889 0.7645513504638372 0.49552339546979535 0.808077095838948 39 14
0.6701430038713755 0.5948608488629833 0.7267980862763782 0.6523949528359672 39 15
0.883068657659793 0.2937361464575979 0.9395112461040637 0.3629997141573768 39 16
0.7516789128545469 0.5201543387242427 0.8049351835308598 0.5852423537098289 39 17
0.5047009559927313 0.7168541170675642 0.5958549222797928 0.8002776756911266 39 18
0.8085644307497827 0.4241852064690912 0.9014551446211264 0.5310547592796766 39 19
0.7099628663980406 0.5419095312371727 0.8045977011494253 0.6546204418310262 39 20
0.6733823180848543 0.6001149330925212 0.697595934329899 0.6220956347747969 40 10
0.8083274077585526 0.44470897299072326 0.8302066583288666 0.48023602433745766 40 11
0.755629296041716 0.4823906083244397 0.7932225597046036 0.5304422393727796 40 12
0.6131784783123964 0.6343485756506034 0.6734758700097274 0.6887173833149577 40 13
0.5404124200047404 0.7050324275511042 0.5916463184642566 0.7570133529339703 40 14
0.7018250770324721 0.5638289138822756 0.7651718182359597 0.6294254563273306 40 15
0.8396934502646757 0.37164436417371316 0.9053659698648086 0.44607783086283637 40 16
0.7494666982697321 0.5230276660372711 0.8107120878248268 0.5967985626199518 40 17
0.49229675278502016 0.72925047204663 0.5845591884541321 0.8143452162195272 40 18
0.7681125069131706 0.4808308020687957 0.8742183312488834 0.600616603372943 40 19
0.6883147665323537 0.5688367129135539 0.8019375459075299 0.6989668830903671 40 20
0.6108872560638382 0.634594860848863 0.6344668770968575 0.6644003430111478 41 10
0.8502014695425456 0.3731220753632707 0.8686200940980288 0.40491649311935973 41 11
0.7196808090384768 0.5005336179295624 0.7592758025132511 0.546959859528768 41 12
0.5320376076479418 0.6875461784746737 0.5903757965576797 0.7415778512801666 41 13
0.4919807221300466 0.7289220917822838 0.5332221626665079 0.7748580995549021 41 14
0.6652445287192857 0.6019210245464247 0.7228277053183253 0.6590510024909143 41 15
0.8249980248084064 0.3886380428536245 0.8919262303217994 0.4597982767773286 41 16
0.7409338705854468 0.5314834578441836 0.798125980187799 0.5974110825268488 41 17
0.44963261436359325 0.7568344142517035 0.5263136997994957 0.831393686961493 41 18
0.7925258750098759 0.44462687792463673 0.88972266889008 0.5510433255747479 41 19
0.7068025598483053 0.5437977177571628 0.8131538721140293 0.6668708399689657 41 20
0.6834162913802639 0.5871439126508496 0.7078990729160463 0.6116419616970885 42 10
0.841826657185747 0.39955668664313276 0.8611756298016795 0.42960104536730775 42 11
0.7690605988780912 0.46441178885149004 0.8063446687709686 0.511944138184491 42 12
0.6242395512364699 0.6293407766193252 0.6812975204970917 0.6816529870554127 42 13
0.48052461088725607 0.7459978655282817 0.5276040736108629 0.7904569398505451 42 14
0.669194911906455 0.5935473278055989 0.7335675858098585 0.658111805300339 42 15
0.8350319981038161 0.37591330761021263 0.9032219641474599 0.4512434154110009 42 16
0.7214979853045745 0.5520072243658156 0.786492763980704 0.6248928090162931 42 17
0.4798135419135656 0.7443559642065511 0.5607964584201854 0.8221038017068888 42 18
0.7955281662321245 0.45201543387242427 0.8936731979433427 0.5647025194985503 42 19
0.7142292802401833 0.5484771365240949 0.8239136045103528 0.676711993139777 42 20
0.633720470885676 0.6121008127411542 0.6571576042721299 0.640675405284005 43 10
0.8770640752152958 0.3312535916591413 0.8938915688960356 0.36124382375760544 43 11
0.736035395433357 0.4751662425088252 0.7754154011077363 0.5204377475601291 43 12
0.5630876194990914 0.6621788030539365 0.6198955789808032 0.7109110212748581 43 13
0.4732559058228648 0.7415647319596093 0.5185119012169218 0.7886193801298542 43 14
0.6651655210555424 0.5890320991708399 0.7248923034165128 0.6533545673567724 43 15
0.8527297147823338 0.34832936540513915 0.9183689675024319 0.42335334231695865 43 16
0.7420399778778541 0.5303341269189722 0.8029896968614139 0.5975131691779982 43 17
0.46891048431697874 0.748214432312618 0.5458082703035356 0.8217567070929805 43 18
0.7768823575886861 0.47262129546014287 0.8755484088698311 0.5807913757197108 43 19
0.7470174606936872 0.5061160824234463 0.846663887399996 0.6241577851280167 43 20
0.6818361381053962 0.5854199162630326 0.7059138824370198 0.6083956061905346 44 10
0.8380342893260646 0.40045973237008453 0.8581978440831398 0.4341745273388052 44 11
0.6992968317926839 0.5187587226007717 0.7422825720127846 0.5682143002980931 44 12
0.6429643675436517 0.6066004433133568 0.7015067595735811 0.6571726081097635 44 13
0.5570830370545943 0.687299893276414 0.6106048875389594 0.7418841112336151 44 14
0.6503120802717863 0.6034808308020688 0.713199531495047 0.6752011107027646 44 15
0.8502014695425456 0.36409161809375257 0.9152919222599408 0.4407489076728327 44 16
0.7169155408074583 0.5582464493883917 0.7868302463621385 0.6319367879456083 44 17
0.5055700402939085 0.7267876200640342 0.5889861632223612 0.8095471436155008 44 18
0.7758552579600221 0.4739348165175273 0.8802930141147043 0.5915717260810976 44 19
0.7339021885122857 0.5244232821607422 0.8387429773886804 0.6458614071623995 44 20
0.7182586710910959 0.5395287743206634 0.7391062672463423 0.5637837396382049 45 10
0.8547839140396618 0.36515885395287745 0.8740793679153515 0.3963207970925722 45 11
0.7331121118748518 0.4658895000410475 0.7727552458658409 0.5110457756543755 45 12
0.6340365015406494 0.5896067646334455 0.6926528100371231 0.6382865776471068 45 13
0.46891048431697874 0.7409900664970035 0.5159907093085582 0.7902323492180162 45 14
0.6115193173737853 0.635826286840161 0.6716296428642329 0.7009065294622076 45 15
0.8536778067472545 0.3603973401198588 0.9159867389276001 0.43058107721834293 45 16
0.7086197361144031 0.5699860438387653 0.7720405772933913 0.6369798685123933 45 17
0.5155250059255748 0.7169362121336508 0.593174915133107 0.7954183510964107 45 18
0.8036659555976929 0.4319842377473114 0.8995096579516805 0.5430805667850872 45 19
0.7619499091411867 0.4838683195139972 0.8571456931292557 0.5984523663685737 45 20
0.7591846409101682 0.5048025613660619 0.7783534830166955 0.5311568459308261 46 10
0.8439598641068183 0.3895410885805763 0.8652849740932642 0.4221691371636245 46 11
0.7596586868926286 0.46121008127411545 0.7969150139955928 0.5069010576177059 46 12
0.6962945405704354 0.5475740907971431 0.7535386020288647 0.5982890277267344 46 13
0.4462352848226278 0.7631557343403661 0.4985210330931253 0.813140593735963 46 14
0.5833925890811409 0.6680075527460799 0.6470331328290949 0.7397198742292458 46 15
0.8523346764636169 0.3627780970363681 0.9167411113096302 0.4384417493568541 46 16
0.7206289010033974 0.5540596010179788 0.7924284835129931 0.6315488586712401 46 17
0.5589792209844355 0.6917330268450866 0.6467750580668216 0.7764710686430643 46 18
0.7825709093782097 0.4699942533453739 0.8822385007841502 0.5809955490220099 46 19
0.7409338705854468 0.515064444626878 0.8472395926389137 0.6383886642982564 46 20
0.7711147981354192 0.4926524915852557 0.7882595835070375 0.5193147943974846 47 10
0.8846488109346606 0.31565552910270095 0.9029043336708157 0.3441953530156397 47 11
0.7681125069131706 0.45464247598719315 0.8008853949536459 0.49616154191677897 47 12
0.7070395828395354 0.5179377719399064 0.7620947729934687 0.5627220384662501 47 13
0.46519712412103975 0.7434529184795994 0.5135886288289362 0.7936624606966393 47 14
0.6100971794264044 0.6339381003201707 0.6738530562007424 0.7032953570991057 47 15
0.8883621711305997 0.29611690337410723 0.9449705199213865 0.3624892809016293 47 16
0.7204708856759106 0.5561940727362286 0.7875647668393783 0.6290171097227326 47 17
0.5295093624081536 0.7088088005910845 0.6092152542036409 0.7871289150230716 47 18
0.8106976376708541 0.42689434364994666 0.9012963293828042 0.5300543100984115 47 19
0.77790945721735 0.4658895000410475 0.8732257360093701 0.5784433827432724 47 20
0.7398277632930395 0.5311550775798375 0.7590971353701388 0.5587406590714198 48 10
0.8394564272734455 0.3985715458500944 0.861135925992099 0.43041773857650373 48 11
0.7994785494192936 0.4264017732534275 0.8341571873821293 0.47019069786434725 48 12
0.7030101919886229 0.5442081930875954 0.7605066206102475 0.5950835068806403 48 13
0.5253219562297543 0.7116000328380264 0.5829908879757013 0.7675895299930581 48 14
0.6074109188591293 0.6362367621705936 0.6756595795366566 0.7117685491445138 48 15
0.8615785731215928 0.3400377637303998 0.9266869156095527 0.4123892359835028 48 16
0.7267914987753812 0.5520893194319021 0.7967959025668513 0.6329372371268733 48 17
0.5344868452239867 0.7052787127493637 0.6220792885077323 0.7889664747437625 48 18
0.7771983882436596 0.4765618586322962 0.8782879717308876 0.5866103148352322 48 19
0.7468594453662005 0.5047204662999754 0.8531753121712028 0.6290987790436523 48 20
0.7220510389507783 0.5336179295624333 0.741786274393028 0.5600269508759035 49 10
0.829659476969266 0.4110499958952467 0.8497607845472773 0.4432194046306505 49 11
0.8304495536066998 0.384204909284952 0.8617314831358068 0.42496631140512064 49 12
0.6701430038713755 0.5672769066579099 0.7274333472296667 0.6163175303197354 49 13
0.5154459982618314 0.7109432723093342 0.568419589859647 0.7636285679284577 49 14
0.6336414632219325 0.6015105492159921 0.6956702995652433 0.6719343378659807 49 15
0.8712965157620289 0.3172974304244315 0.9325829313322613 0.38743925844256605 49 16
0.748202575649838 0.5259830884163862 0.8134317987810931 0.6043325574747846 49 17
0.49269179110373706 0.7285116164518513 0.5745935322494193 0.8057699375229695 49 18
0.8035079402702062 0.4375667022411953 0.8934151231810692 0.5395075339948548 49 19
0.7515208975270601 0.4926524915852557 0.8562920612232744 0.6187471926170934 49 20
0.7476495220036343 0.5221246203103194 0.7657276715700871 0.5493691044958962 50 10
0.8043770245713834 0.44355964206551185 0.8299684354713834 0.48180815876515987 50 11
0.8450659713992257 0.3705771283145883 0.8770770055386814 0.4123892359835028 50 12
0.6737773564035712 0.577867170183072 0.7298552796140789 0.6253215729511209 50 13
0.4917436991388165 0.733601510549216 0.5503146526909257 0.7873330883253705 50 14
0.6348265781780833 0.6134143337985387 0.7014472038592103 0.6886152966638083 50 15
0.8358220747412499 0.37895082505541416 0.9024080360510591 0.45116174609008125 50 16
0.7254483684917437 0.5468352352023643 0.798125980187799 0.6332843317407816 50 17
0.504226910010271 0.7265413348657745 0.5861076370277728 0.8071174813181429 50 18
0.7788575491822707 0.4748378622444791 0.8785261945883708 0.5835681326309772 50 19
0.7386426483368886 0.5212215745833675 0.84396402834852 0.6476989668830904 50 20
0.776645334597456 0.4796814711435843 0.796021678280031 0.5083098534035689 51 10
0.8305285612704433 0.3971759297266234 0.8527584221706073 0.43152027440891827 51 11
0.8704274314608517 0.3176258106887776 0.8980009131876203 0.3579770509208216 51 12
0.6782017855732007 0.5680157622526886 0.7342226986679372 0.6188492792682428 51 13
0.5190013431302837 0.7061817584763156 0.5734421217715839 0.7597288578545469 51 14
0.6376708540728451 0.6118545275428947 0.6995215690945547 0.6835722160970231 51 15
0.8726396460456665 0.3152450537722683 0.9329402656184861 0.38294744579198825 51 16
0.7079086671407127 0.5666201461292176 0.7735096182478709 0.6409204132467639 51 17
0.48913644623528485 0.7291683769805435 0.5707025589105275 0.8081995998203275 51 18
0.7909457217350083 0.4561201871767507 0.8822385007841502 0.5579239658622238 51 19
0.7452792920913328 0.5086610294721288 0.8464058126377226 0.6312017640573319 51 20
0.7670854072845066 0.5006978080617355 0.7878823973160225 0.5280329944056515 52 10
0.7993995417555503 0.44848534603070356 0.8241915311774165 0.4858712074809098 52 11
0.838508335308525 0.3732041704293572 0.8704663212435233 0.4123892359835028 52 12
0.674567433041005 0.5781955504474181 0.7299545391380303 0.632385969210666 52 13
0.5558189144347002 0.6827025695755685 0.6172354237389077 0.7437012536240761 52 14
0.6226593979616023 0.6309826779410558 0.6894368014611002 0.7061537833312916 52 15
0.8713755234257723 0.3186930465479025 0.9349056041927223 0.38995059006084365 52 16
0.6899739274709646 0.5853378211969461 0.7643380382347686 0.6632773898485034 52 17
0.5037528640278107 0.7270339052622937 0.5900780179858257 0.8070766466576831 52 18
0.7967922888520187 0.4488958213611362 0.8919460822265897 0.5568622646902691 52 19
0.7593426562376551 0.49478696330350547 0.8658209755226014 0.6193597125239904 52 20
0.7839140396618473 0.47180034479927757 0.8016596192404661 0.500408346604598 53 10
0.8091964920597298 0.43469337492816684 0.8304448811863498 0.47080321777124423 53 11
0.8734297226831003 0.31212544126098024 0.9007206241438867 0.3509739066519662 53 12
0.644860551473493 0.5905919054264839 0.7035515057669783 0.6417779411164196 53 13
0.45998261831397647 0.7465725309908875 0.5136283326385167 0.7997264077749193 53 14
0.5922414474203997 0.6491256875461785 0.6540805590296389 0.7213238596921067 53 15
0.8693213241684443 0.31943190214268125 0.9320270779981339 0.3880721956796929 53 16
0.7135182112664928 0.5591494951153436 0.7820260854028944 0.6347543795173343 53 17
0.47167575254799715 0.7429603480830802 0.5548011831735254 0.8201233206745886 53 18
0.7877064075215295 0.4590756095558657 0.8782879717308876 0.5602719588386622 53 19
0.7863632772378921 0.45431409572284703 0.8853949536458023 0.5732369635346483 53 20
0.7443312001264123 0.5217962400459732 0.7677525658586941 0.5500632937237127 54 10
0.7690605988780912 0.49281668171742876 0.7964187163758363 0.531381436563355 54 11
0.8396144426009323 0.374107216156309 0.8704067655291525 0.4130017558903998 54 12
0.6730662874298807 0.5830391593465233 0.7279892005637941 0.6367961125403242 54 13
0.4418108556529983 0.7662753468516542 0.4971711035673873 0.8168769651680347 54 14
0.6394090226751995 0.6143173795254905 0.7031147638615926 0.6885540446731185 54 15
0.8350319981038161 0.3776373039980297 0.9046711531971493 0.45289721915962267 54 16
0.7267124911116378 0.544454478285855 0.8025132511464474 0.6269549593695128 54 17
0.46330094019119855 0.7496921435021755 0.5526968812657574 0.8314549389521826 54 18
0.7971083195069921 0.4491421065593958 0.890993190796657 0.5546980276858998 54 19
0.7583945642727344 0.49330925211394794 0.8673694240962421 0.6229531626444527 54 20
0.6997708777751442 0.5571792135292669 0.7265995672284755 0.5830372820449998 55 10
0.8081693924310658 0.43740251210902226 0.8309014749965259 0.4743966678917065 55 11
0.8199415343288299 0.39290698629012394 0.8503166378814048 0.4304585732369635 55 12
0.6972426325353559 0.5442081930875954 0.75169237488337 0.5977581771407571 55 13
0.40293908509125387 0.7852393071176422 0.45212713159827683 0.8315978602637919 55 14
0.6358536778067473 0.6009358837533865 0.6962857086137415 0.6746090081260975 55 15
0.8657659792999921 0.32558903209917084 0.9280765489448712 0.3924006696884315 55 16
0.7203128703484238 0.5492980871849602 0.7926667063704762 0.6287312670995141 55 17
0.46519712412103975 0.7458336753961087 0.549580132213686 0.8242476213810283 55 18
0.8271312317294778 0.40653476726048765 0.9108649474917119 0.5042059700273592 55 19
0.7664533459745595 0.4772186191609884 0.8676274988585154 0.6004328474008739 55 20
0.7225250849332385 0.5451112388145473 0.7485557739265083 0.5754420351994773 56 10
0.8109346606620842 0.44035793448813726 0.8340976316677585 0.4809097962350443 56 11
0.7847831239630244 0.44142517034726214 0.8194072221229627 0.4835436318347013 56 12
0.6605830765584262 0.5880469583778015 0.7195719929327219 0.6454122258973417 56 13
0.45342498222327565 0.7641408751334045 0.5069580926289877 0.8130180897545837 56 14
0.6664296436754366 0.5823003037517446 0.7333492148571655 0.6597656090489608 56 15
0.8314766532353638 0.38535424021016335 0.9005618089055645 0.4595328514843399 56 16
0.6963735482341787 0.5795090715048026 0.7712266491969905 0.6578872146678101 56 17
0.5111795844196887 0.7156226910762663 0.6024854584797411 0.8038915431418188 56 18
0.8091964920597298 0.42763319924472537 0.9033807793857821 0.5327085630282984 56 19
0.7690605988780912 0.47409900664970034 0.8794989379230937 0.6070072277349013 56 20
0.7498617365884491 0.5057877021591002 0.7728545053897922 0.5378741475764629 57 10
0.8332938295014617 0.3955340284048929 0.8560538383657912 0.4320307076646658 57 11
0.8148850438492534 0.3993104014448732 0.8461080340658687 0.43727796153374987 57 12
0.6891838508335308 0.5494622773171333 0.7451412463025827 0.6036179509167381 57 13
0.3933791577783045 0.7922994828010836 0.44192325253608084 0.8370288701049451 57 14
0.6635063601169313 0.5825465889500041 0.7242967462728048 0.6493527706317122 57 15
0.8603144505016986 0.3341269189721698 0.9247017251305263 0.4049981624402793 57 16
0.7016670617049854 0.5722026106231015 0.769162051098803 0.64575932051125 57 17
0.4901635458639488 0.7242426730153517 0.5819784408313978 0.8116909632896403 57 18
0.8245239788259461 0.4071915277891799 0.9134456951144462 0.5093511372452938 57 19
0.7660583076558426 0.47171824973319104 0.872689734580033 0.603025848340071 57 20
0.7139132495852097 0.5500369427797389 0.7395033053421476 0.5809342970313202 58 10
0.7913407600537252 0.4636729332567113 0.8177992178349512 0.5027155049205766 58 11
0.7875483921940428 0.4329693785403497 0.8223453040319219 0.47600963697986853 58 12
0.6725922414474204 0.5777850751169855 0.730232465805094 0.6326513945036547 58 13
0.47594216639013986 0.7404154010343978 0.5286165207551664 0.7896606639715791 58 14
0.6436754365173422 0.6084065347672605 0.7086137414884959 0.6827351055575973 58 15
0.8283163466856285 0.38995156391100894 0.899549361761261 0.4691494140226224 58 16
0.7171525637986885 0.5566045480666612 0.7912770730351577 0.6372248764751521 58 17
0.5409654736509442 0.6925539775059519 0.6377622932920414 0.7865776471068643 58 18
0.8347949751125859 0.3931532714883835 0.9249200960832192 0.49857078688390705 58 19
0.7768033499249427 0.46121008127411545 0.8862287336469934 0.5934297031320185 58 20
0.6956624792604883 0.5506116082423447 0.7220931848410855 0.5844460778308629 59 10
0.7712728134629059 0.48797307281832364 0.7967561987572708 0.5231736698109355 59 11
0.7671644149482499 0.4497167720220015 0.8035654021003316 0.4935481236473519 59 12
0.6865765979299993 0.5515146539692964 0.7408929386774661 0.6027400057168525 59 13
0.4849490400568855 0.7312207536327067 0.5344529807635042 0.7814733145493895 59 14
0.6525242948566011 0.5965848452508005 0.7173088757866317 0.6675241945363224 59 15
0.8159121434779174 0.40300467941876694 0.8861493260278324 0.48148148148148145 59 16
0.6961365252429486 0.5787702159100238 0.7632858872808846 0.6508636530687247 59 17
0.5272181401595954 0.6946063541581151 0.6219998808885713 0.7858630405488178 59 18
0.8498064312238287 0.36729332567112716 0.9331784884759693 0.46784270488790886 59 19
0.769850675515525 0.4656432148427879 0.8747543326782204 0.5955122708154682 59 20
0.7261594374654341 0.5272145144076841 0.751235781073194 0.5622116052105027 60 10
0.7316109662637276 0.5370659223380675 0.7641196672820757 0.5753399485483278 60 11
0.7846251086355377 0.435350135456859 0.8222857483175511 0.4803381109886071 60 12
0.6726712491111638 0.5758968885969953 0.7288626843745657 0.6302013148760668 60 13
0.5466540254404677 0.6962482554798457 0.6006193794294562 0.7517660990648862 60 14
0.6854704906375918 0.570396519169198 0.7513548925019355 0.644942627302054 60 15
0.7954491585683812 0.4497167720220015 0.8678855736207889 0.5267875372616276 60 16
0.6974006478628427 0.5744191774074379 0.7724376153891966 0.6573359467516028 60 17
0.5151299676068579 0.7108611772432477 0.6107835546820718 0.8029319286210135 60 18
0.8181243580627321 0.4189311222395534 0.9131479165425923 0.5270937972150762 60 19
0.7436201311527219 0.5068549380182251 0.8525003474083338 0.6426763036465352 60 20
0.7591846409101682 0.47738280929316146 0.787624322553749 0.5138021152354119 61 10
0.7700876985067552 0.4878088826861506 0.7972524963770273 0.5248683082200172 61 11
0.7966342735245319 0.40620638699614153 0.8303654735671888 0.44299481399812163 61 12
0.6930552263569566 0.5496264674493063 0.745458876779227 0.6025562497447834 61 13
0.4616417792525875 0.7510877596256464 0.5093204692990292 0.8041978030952672 61 14
0.6891838508335308 0.5580822592562187 0.7511960772636135 0.6296296296296297 61 15
0.795212135577151 0.4421640259420409 0.8618505945645485 0.5156600922863327 61 16
0.7156514181875642 0.5570150233970939 0.7820260854028944 0.6358773326799788 61 17
0.5139448526507071 0.7068385190050078 0.6084211780120302 0.8002572583608968 61 18
0.8178873350715019 0.4112962810935063 0.9121553213030791 0.5207031728531177 61 19
0.7645571620447184 0.4813233724653148 0.8679252774303694 0.6106823471762832 61 20
0.7234731768981592 0.5305804121172317 0.7488932563079428 0.5648658581403896 62 10
0.7878644228490164 0.46794187669321075 0.815754471641554 0.5091265466127649 62 11
0.7907086987437781 0.41589360479435183 0.824985607369027 0.44977336763444814 62 12
0.7212609623133444 0.5306625071833183 0.7761102177753956 0.5857936216260362 62 13
0.5413605119696611 0.6974796814711436 0.5947829194211185 0.7547674466086814 62 14
0.7097258434068104 0.5457679993432395 0.7790284477795645 0.6189513659193924 62 15
0.7777514418898633 0.47582300303751746 0.8503761935957755 0.5514720895095757 62 16
0.7278976060677885 0.544454478285855 0.8012228773350804 0.627118298011352 62 17
0.5540017381686023 0.6830309498399146 0.6536041133146725 0.7807382906611131 62 18
0.7918148060361855 0.45546342664805844 0.8950628312786612 0.5700518600187839 62 19
0.7612388401674962 0.481815942861834 0.8734242550572727 0.6187880272775532 62 20
0.6682468199415343 0.5669485263935637 0.6946777043257301 0.6012903752705296 63 10
0.8257881014458403 0.40390772514571877 0.8507732316915808 0.4436481685654784 63 11
0.8162281741328908 0.3778835891962893 0.8474778154963969 0.40914288047694886 63 12
0.702615153669906 0.5302520318528856 0.7590971353701388 0.5817714075707461 63 13
0.5514734929288141 0.684180280765126 0.6015722708593889 0.7375964718853363 63 14
0.7275815754128151 0.5196617683277235 0.7909594425585135 0.5906325288905223 63 15
0.8091174843959864 0.4244314916673508 0.87546900125067 0.49830536159091837 63 16
0.7246582918543099 0.5424021016336918 0.798880352569829 0.6276287312670995 63 17
0.5173421821916726 0.7076594696658731 0.6076072499156294 0.7978888480542284 63 18
0.7871533538753259 0.45119448321155897 0.8911917098445595 0.5651517007636081 63 19
0.771904874772853 0.4751662425088252 0.8713001012447145 0.602433745763404 63 20
0.7186537094098128 0.5345209752893851 0.7412899767732714 0.56680550451223 64 10
0.8140949672118195 0.4329693785403497 0.8397752764377742 0.47306954142676305 64 11
0.8110136683258276 0.40103439783269024 0.845691144065273 0.4376046388174282 64 12
0.6788338468831476 0.5679336671866021 0.7343219581918885 0.6217281228306587 64 13
0.591451370782966 0.6639027994417536 0.6464772794949676 0.7174649842786557 64 14
0.7071185905032789 0.5483129463919219 0.7763285887280884 0.6235044305606599 64 15
0.77790945721735 0.47122567933667187 0.852659162646656 0.5487361672587693 64 16
0.7295567670063996 0.5410064855102208 0.8061262978182757 0.627118298011352 64 17
0.5537647151773722 0.6840981856990395 0.6472316518769976 0.7798603454612275 64 18
0.7877064075215295 0.4572695181019621 0.8901594107954658 0.5724202703254523 64 19
0.7394327249743226 0.518348247270339 0.8483512993071686 0.6520886928825187 64 20
0.7413289089041637 0.4957721040965438 0.7682488634784508 0.5308097513169178 65 10
0.8271312317294778 0.41589360479435183 0.8473190002580747 0.45420392829433626 65 11
0.8394564272734455 0.35645677694770544 0.8704861731483136 0.38921556617256725 65 12
0.6742514023860314 0.5690009030457269 0.7278502372302622 0.6216056188492792 65 13
0.5813383898238129 0.6652984155652245 0.6354991761459512 0.723079750091878 65 14
0.7414869242316505 0.5009440932599951 0.8050741468643916 0.5741557433949936 65 15
0.7841510626530773 0.44963467695591497 0.8596073293232486 0.5270529625546163 65 16
0.75665639567038 0.5041458008373697 0.828658209755226 0.5858752909469558 65 17
0.509994469463538 0.7151301206797471 0.5974430746630139 0.8035852831883703 65 18
0.8146480208580232 0.41269189721697724 0.911778135112064 0.5204377475601291 65 19
0.742197993205341 0.508086364009523 0.8458102554940147 0.6375515537588305 65 20
0.7064075215295884 0.5440440029554224 0.73293232485657 0.5787904773571808 66 10
0.789444576123884 0.47327805598883504 0.8149405435451531 0.5120462248356404 66 11
0.81480603618551 0.3941384122814219 0.8500982669287118 0.43058107721834293 66 12
0.70901477443312 0.5462605697397587 0.7618565501359855 0.6015353832332884 66 13
0.6365647467804377 0.6263032591741237 0.6980922319496555 0.6846543345992078 66 14
0.7064075215295884 0.550201132911912 0.7765271077759911 0.6250765649883622 66 15
0.7759342656237656 0.47606928823577704 0.8545053897921505 0.5535546571930254 66 16
0.7668483842932764 0.48928659387570805 0.8414031326305759 0.5765445710318918 66 17
0.5232677569724263 0.7126672686971512 0.6113989637305699 0.8022581567234268 66 18
0.8278423007031682 0.39651916919793123 0.9248208365592678 0.5080035934501205 66 19
0.752943035474441 0.49339134718003447 0.861433704563953 0.6264241087835355 66 20
0.6395670380026862 0.5869797225186766 0.6714112719115399 0.623688186532729 67 10
0.7802006794659082 0.48230851325835317 0.8047763682925376 0.5199068969741517 67 11
0.7870743462115826 0.414826368935227 0.8226430826037758 0.44963044632283883 67 12
0.7400647862842695 0.5045562761678023 0.7920512973219781 0.5572501939646372 67 13
0.5774670143003872 0.6671866020852146 0.6328191689992655 0.7246110498591204 67 14
0.7372205103895078 0.5038174205730236 0.8027911778135112 0.5788517293478704 67 15
0.8138579442205894 0.41876693210738036 0.8853353979314316 0.4935889583078117 67 16
0.7694556371968081 0.49035382973483294 0.8395172016755008 0.5685613949120013 67 17
0.5246108872560639 0.7033084311632871 0.6126099299227761 0.7969700681938829 67 18
0.8336098601564351 0.3854363352762499 0.9275802513251147 0.4914451386336723 67 19
0.7797266334834478 0.4512765782776455 0.8796577531614158 0.579954265180285 67 20
0.6837323220352374 0.5613660618996799 0.713953903877077 0.5967373106292622 68 10
0.7496247135972189 0.5234381413677038 0.7778968892065193 0.5610682347176283 68 11
0.8101445840246504 0.40275839422050735 0.8463859607329324 0.44046306504961413 68 12
0.7192857707197599 0.5336179295624333 0.7731522839616461 0.5884274572256931 68 13
0.5688551789523584 0.6809785731877515 0.6240247751771782 0.7371268732900486 68 14
0.7420399778778541 0.5104671209260323 0.8048557759116988 0.5812813916452285 68 15
0.8014537410128783 0.43576061078729167 0.8748535922021718 0.5115153742496631 68 16
0.7473334913486608 0.5247516624250883 0.8184741825978202 0.6081301808975459 68 17
0.5329856996128625 0.6991215827928742 0.6257518908939312 0.7970925721752624 68 18
0.8414316188670301 0.3778835891962893 0.9351239751454152 0.48742292457838216 68 19
0.7721418977640832 0.4655611197767014 0.8809878307823635 0.6014741312425987 68 20
0.6985067551552501 0.5279533700024629 0.7327536577134576 0.56478418881947 69 10
0.7804377024571384 0.48370412938182417 0.8031088082901554 0.5204989995508187 69 11
0.8359800900687366 0.3622855266398489 0.8701883945764596 0.3970558209808485 69 12
0.7511258592083432 0.48895821361136194 0.8033668830524289 0.5416105190085344 69 13
0.48716125464170024 0.7325342746900911 0.5388799555317333 0.7850871820000817 69 14
0.7520739511732638 0.4959362942287169 0.8125384630655311 0.566192984605333 69 15
0.8218377182586711 0.40333305968311306 0.8876580707918925 0.4731512107476826 69 16
0.760369755866319 0.5029143748460717 0.8303654735671888 0.5799338478500551 69 17
0.5168681362092123 0.7076594696658731 0.6090961427748992 0.8059128588345787 69 18
0.8741407916567907 0.3185288564157294 0.9569213666051257 0.4234350116378782 69 19
0.7828079323694398 0.43978326902553155 0.8880948126972783 0.571256482502348 69 20
0.6676937662953306 0.5710532796978901 0.7014869076687908 0.606476377148924 70 10
0.7875483921940428 0.4739348165175273 0.8126575744942727 0.5111886969659847 70 11
0.8325037528640278 0.3655693292833101 0.8693744664800588 0.40103720037567886 70 12
0.7734060203839772 0.47311386585666204 0.8258590911797987 0.5245416309363388 70 13
0.5668799873587738 0.6820458090468763 0.6214837313640243 0.7387398423782107 70 14
0.7726949514102868 0.4734422461210081 0.8358247473845115 0.5486544979378496 70 15
0.7899976297700877 0.4509481980132994 0.8641931193297997 0.5272163011964556 70 16
0.7366674567433041 0.5377226828667597 0.808250451630834 0.6187676099473233 70 17
0.5350398988701904 0.6999425334537395 0.6316876104262203 0.8005635183143452 70 18
0.8442758947617919 0.3752565470815204 0.9366724237190558 0.48436032504389726 70 19
0.7660583076558426 0.4733601510549216 0.8775931550632283 0.6101719139205357 70 20
0.6028284743620131 0.606928823577703 0.6362535485279812 0.6444321940463065 71 10
0.7764083116062258 0.48551022083572776 0.7997935401901812 0.5213361100902446 71 11
0.8049300782175871 0.3831376734258271 0.8435471383479245 0.4173914818898281 71 12
0.7632140317610808 0.4777111895575076 0.8160919540229885 0.5293805382008249 71 13
0.5919254167654262 0.6561858632296199 0.6454052766362932 0.7109926905957777 71 14
0.7810697637670854 0.46170265167063457 0.8352291902408036 0.5269917105639267 71 15
0.8056411471912776 0.43469337492816684 0.8731661802949993 0.5087182000081669 71 16
0.7373785257169946 0.5346851654215582 0.8052329621027138 0.6140716239944465 71 17
0.5161570672355218 0.7129135538954109 0.6083219184880789 0.8098942382294091 71 18
0.8416686418582603 0.3817420573023561 0.930458777519703 0.4856874515088407 71 19
0.7645571620447184 0.47820375995402675 0.8692553550513171 0.6092939687206501 71 20
0.6430433752073951 0.5932189475412528 0.679074107160582 0.6263424394626159 72 10
0.7416449395591372 0.5294310811920203 0.7704921287197507 0.566192984605333 72 11
0.7815438097495457 0.42164025942040884 0.8217497468882139 0.4574094491404304 72 12
0.7798846488109347 0.472949675724489 0.8293133226133047 0.5225203152435788 72 13
0.6228964209528324 0.6352516213775552 0.6776050662061025 0.688472375352199 72 14
0.7834399936793869 0.46071751087759627 0.8462271454946102 0.5344236187676099 72 15
0.7986094651181165 0.44462687792463673 0.8748535922021718 0.5274204744987545 72 16
0.7122540886465987 0.5641572941466217 0.7858376511226253 0.6446363673486055 72 17
0.5416765426246346 0.6978901568015762 0.6377424413872511 0.796561721589285 72 18
0.8319506992178242 0.39578031360315247 0.9227959422706609 0.5016742210788517 72 19
0.7670063996207632 0.47491995731056563 0.8762035217279098 0.6100698272693863 72 20
0.6104922177451213 0.5904277152943108 0.6492962499751851 0.6282004165135366 73 10
0.7724579284190567 0.48928659387570805 0.7958231592321283 0.5259504267222018 73 11
0.7977403808169392 0.39783269025531565 0.8348917078593691 0.43250030625995345 73 12
0.8106186300071107 0.4248419669977834 0.855061243126278 0.4741312425987178 73 13
0.5985620605198704 0.6451851243740251 0.6501300299763763 0.6988647964392176 73 14
0.7796476258197045 0.46474016911583615 0.8396164611994521 0.5360978398464616 73 15
0.8142529825393063 0.41433379853870783 0.8843825065014989 0.4905467761035567 73 16
0.7402228016117564 0.5302520318528856 0.8082305997260437 0.6122340642737556 73 17
0.5008295804693055 0.7245710532796978 0.5895618684612789 0.8156315080240107 73 18
0.8605514734929288 0.3474263196781873 0.9444543703968395 0.4479970599044469 73 19
0.7951331279134076 0.4296034808308021 0.9007603279534672 0.5583731471272816 73 20
0.6004582444497116 0.6226910762663164 0.6406805232962103 0.6567642615051655 74 10
0.7726949514102868 0.49330925211394794 0.7981458320925893 0.5286659316427784 74 11
0.7690605988780912 0.44027583942205073 0.8104143092529729 0.4768467475192944 74 12
0.8213636722762108 0.4186027419752073 0.8650864550453616 0.46555596390216014 74 13
0.5895551868531248 0.6623429931861096 0.6431818632997837 0.7152803299440565 74 14
0.7692186142055779 0.48115918233314176 0.8311198459492188 0.5531871452488872 74 15
0.8213636722762108 0.4063705771283146 0.8941496436583091 0.4840336477602189 74 16
0.7361144030971004 0.5397750595189229 0.80420066305362 0.6208705949610029 74 17
0.5226356956624792 0.7129135538954109 0.6124709665892443 0.8079137571971089 74 18
0.8369281820336573 0.38674985633363435 0.9318881146646021 0.4964882192004573 74 19
0.8010587026941614 0.425088252196043 0.9090385722510075 0.5558413981787741 74 20
0.5261910405309315 0.6679254576799935 0.5645683203303357 0.7019478133039324 75 10
0.7948961049221774 0.46301617272801904 0.8168264745002283 0.499387480093103 75 11
0.7940270206210003 0.3993104014448732 0.8325888869036984 0.43750255216627876 75 12
0.8138579442205894 0.4218044495525819 0.8578008059873344 0.46763853158560986 75 13
0.5298253930631271 0.6997783433215664 0.5820578484505589 0.7512352484789089 75 14
0.7489136446235285 0.5026680896478122 0.8099577154427967 0.571869002409245 75 15
0.8211266492849807 0.3963549790657582 0.8908740793679154 0.47754093674711096 75 16
0.7557083037054594 0.5126836877103687 0.8202012983145733 0.5901220956347748 75 17
0.505886070948882 0.7194811591823331 0.596847517519306 0.814773980154355 75 18
0.8463300940191198 0.36811427633199245 0.9395310980088539 0.47776552737963984 75 19
0.8316346685628506 0.3793613003858468 0.9299624798999464 0.4963248805586182 75 20
0.6187090147744331 0.6105410064855102 0.6569193814146468 0.6453101392461922 76 10
0.7606067788575492 0.5097282653312536 0.7875250630297977 0.545142717138307 76 11
0.7794106028284744 0.4305065265577539 0.8210350783157644 0.47004777655273794 76 12
0.8140159595480762 0.4229537804777933 0.8631806721854962 0.472069092245498 76 13
0.5297463853993838 0.7064280436745751 0.5843805213110198 0.7610151496590306 76 14
0.7190487477285297 0.5469173302684509 0.7828797173088757 0.6156437584221487 76 15
0.8328197835190013 0.3837123388884328 0.9040954479582316 0.467209767650782 76 16
0.7600537252113455 0.5044741811017158 0.8311396978540091 0.5863448895422435 76 17
0.5377261594374655 0.6980543469337492 0.6328191689992655 0.7960512883335376 76 18
0.832740775855258 0.3817420573023561 0.9393524308657416 0.5031851035158643 76 19
0.802638855969029 0.4220507347508415 0.9097929446330375 0.5514516721793459 76 20
0.6443074978272892 0.5726951810196207 0.6814563357354139 0.6088243701253624 77 10
0.7382476100181717 0.5321402183728758 0.7651321144263792 0.5656212993588958 77 11
0.7721418977640832 0.43444708972990725 0.815158914497846 0.4764179835844665 77 12
0.8036659555976929 0.4315737624168787 0.8506541202628393 0.47950100044918126 77 13
0.5355139448526507 0.7004351038502586 0.5871399360768665 0.7528073829066111 77 14
0.6959785099154618 0.5720384204909285 0.7548885315546027 0.6368165298705541 77 15
0.8410365805483132 0.37599540267629916 0.9080062732019137 0.45463269222916414 77 16
0.7453582997550763 0.5224530005746655 0.8112877930637444 0.5978602637919066 77 17
0.5492612783439994 0.6821279041129628 0.643439938062057 0.7839642288374372 77 18
0.865133917990045 0.3241113209096133 0.9586683342266691 0.43682878026869204 77 19
0.8162281741328908 0.40546753140136277 0.9170587417862744 0.5249499775409368 77 20
0.7017460693687287 0.5394466792545768 0.7351358862882894 0.5737882314508554 78 10
0.7545231887493087 0.5176914867416468 0.782522383022651 0.5529625546163583 78 11
0.7804377024571384 0.4386339381003202 0.8221269330792289 0.4796030871003308 78 12
0.7764083116062258 0.4748378622444791 0.826851686419312 0.5250520641920863 78 13
0.5976929762186932 0.6625071833182826 0.6483632104500426 0.7151374086324472 78 14
0.6988227858102236 0.5695755685083327 0.7589581720366069 0.6365511045775655 78 15
0.8469621553290669 0.3687710368606847 0.916800667024001 0.44934460369962026 78 16
0.7415659318953939 0.532961169033741 0.8104143092529729 0.6128261668504227 78 17
0.5354349371889073 0.6979722518676628 0.6346852480495504 0.8008901955980237 78 18
0.8490953622501383 0.35596420655118627 0.9495364580231473 0.47482543182653436 78 19
0.8191514576913961 0.40333305968311306 0.9229150536994024 0.5249703948711667 78 20
0.6374338310816149 0.5795090715048026 0.6735354257240982 0.6151129078361713 79 10
0.7865212925653788 0.4740169115836138 0.8094614178230402 0.5094940585569031 79 11
0.8099075610334202 0.3912650849683934 0.8499791554999703 0.4314181877577688 79 12
0.746543414711227 0.4988917166078319 0.8013022849542414 0.5486544979378496 79 13
0.5894761791893813 0.65807404974961 0.6403033371051953 0.7065008779451999 79 14
0.668167812277791 0.5990476972333962 0.72542830484585 0.6632773898485034 79 15
0.8476732243027574 0.369756177653723 0.9134853989240268 0.4454857282861693 79 16
