0.713755234257723 0.5707248994335441 0.7367041867667202 0.6013516272612193 1 10
0.685707513628822 0.59092028569083 0.7169713934051972 0.6318959532851485 1 11
0.6811250691317058 0.5850094409326 0.7290413515176781 0.6355506553963004 1 12
0.6832582760527771 0.5683441425170347 0.7461139896373057 0.6358160806892891 1 13
0.6764636169708462 0.5615302520318529 0.7573303158438052 0.6464535097390666 1 14
0.6633483447894446 0.5694113783761596 0.7619161058503563 0.6675446118665523 1 15
0.6601880382397093 0.5663738609309581 0.7720405772933913 0.6805912858834579 1 16
0.6528403255115747 0.5605451112388146 0.7813312687352352 0.6958634488954224 1 17
0.645097574464723 0.5556194072736228 0.792349075893832 0.7097880681122136 1 18
0.6405151299676068 0.553156555291027 0.8052925178170846 0.7220180489199233 1 19
0.6385399383740222 0.5534849355553731 0.8159926944990372 0.7324921393278615 1 20
0.713755234257723 0.5707248994335441 0.7367041867667202 0.6013516272612193 2 10
0.685707513628822 0.59092028569083 0.7169713934051972 0.6318959532851485 2 11
0.6811250691317058 0.5850094409326 0.7290413515176781 0.6355506553963004 2 12
0.6832582760527771 0.5683441425170347 0.7461139896373057 0.6358160806892891 2 13
0.6764636169708462 0.5615302520318529 0.7573303158438052 0.6464535097390666 2 14
0.6633483447894446 0.5694113783761596 0.7619161058503563 0.6675446118665523 2 15
0.6601880382397093 0.5663738609309581 0.7720405772933913 0.6805912858834579 2 16
0.6528403255115747 0.5605451112388146 0.7813312687352352 0.6958634488954224 2 17
0.645097574464723 0.5556194072736228 0.792349075893832 0.7097880681122136 2 18
0.6405151299676068 0.553156555291027 0.8052925178170846 0.7220180489199233 2 19
0.6385399383740222 0.5534849355553731 0.8159926944990372 0.7324921393278615 2 20
0.6932132416844434 0.6016747393481652 0.7100827824429754 0.6247907223651435 3 10
0.6962945405704354 0.5923979968803875 0.7258451948464455 0.6278533218996284 3 11
0.7216560006320613 0.55734340366144 0.7617969944216147 0.5958389480991465 3 12
0.7262384451291776 0.542894672030211 0.7819665296885236 0.6065784638000735 3 13
0.7087777514418898 0.5556194072736228 0.7784328906358565 0.6319572052758381 3 14
0.6771746859445367 0.5862408669238979 0.764814483949735 0.6784066315488587 3 15
0.6744884253772616 0.5862408669238979 0.7746610287257062 0.6915553922169138 3 16
0.611677332701272 0.6345127657827765 0.7377960415301849 0.7559720690922455 3 17
0.6724342261199336 0.5655529102700928 0.8220673773648581 0.7177099922414145 3 18
0.6900529351347081 0.5369017322058944 0.8642526750441705 0.7195679692923354 3 19
0.6780437702457138 0.5496264674493063 0.879518789827884 0.751419004450978 3 20
0.7075926364857391 0.586569247188244 0.7259246024656065 0.612336150924905 4 10
0.6829422453978036 0.6081602495690009 0.7132590872094178 0.6438400914696394 4 11
0.7356403571146402 0.5520072243658156 0.7740059158676275 0.5936134591040876 4 12
0.7362724184245872 0.5286101305311551 0.7959224187560796 0.5945730736248928 4 13
0.7319269969187011 0.532796978901568 0.8033867349572191 0.6113152844134101 4 14
0.6984277474915067 0.5616123470979394 0.7932622635141842 0.6583363959328679 4 15
0.6951884332780279 0.5662917658648715 0.7992575387608442 0.6725060231124178 4 16
0.6819151457691396 0.570560709301371 0.802850733527882 0.6930458573236964 4 17
0.6965315635616655 0.5350956407519908 0.8497012288329066 0.6945159051002491 4 18
0.6864975902662558 0.5431409572284706 0.8560339864610009 0.72469271918004 4 19
0.6780437702457138 0.5496264674493063 0.879518789827884 0.751419004450978 4 20
0.7205498933396539 0.5712174698300632 0.7334087705715363 0.5936542937645474 5 10
0.7225250849332385 0.5633363434857565 0.7517717825025311 0.6012087059496101 5 11
0.7428300545152879 0.5441260980215089 0.7760308101562345 0.5824655967985626 5 12
0.7548392194042822 0.5198259584598965 0.8031882159093165 0.5728081995998203 5 13
0.7730109820652603 0.4916673507922174 0.8318146626168781 0.5571072726530278 5 14
0.7704037291617287 0.491913635990477 0.8484307069263296 0.577932949487525 5 15
0.7306628742988069 0.5364091618093753 0.8230401206995811 0.6352648127730818 5 16
0.7105949277079877 0.5587390197849109 0.8142854306870744 0.668626730368737 5 17
0.7421189855415975 0.5047204662999754 0.8778909336350823 0.6395524521213606 5 18
0.7299518053251165 0.5148181594286183 0.8742183312488834 0.6758952999305811 5 19
0.671486134155013 0.5707248994335441 0.8633791912333988 0.760729307035812 5 20
0.7449632614363594 0.5495443723832197 0.7583229110833184 0.5734411368369472 6 10
0.6970056095441258 0.5962564649864543 0.727532606753618 0.629752133611009 6 11
0.7472544836849174 0.5417453411049996 0.7827804577849244 0.581567234268447 6 12
0.7222880619420083 0.5586569247188244 0.7744228058682231 0.615786679733758 6 13
0.755392273050486 0.515064444626878 0.815972842594247 0.584405243170403 6 14
0.6787548392194043 0.5845168705360808 0.777420443491553 0.6827555228878271 6 15
0.7054594295646678 0.5636647237501026 0.8075357830583845 0.6697088488709216 6 16
0.6991388164651972 0.5650603398735736 0.8121414249697259 0.6857364531013924 6 17
0.6927391957019831 0.5538954108858057 0.8481130764496854 0.709114296214627 6 18
0.7086987437781465 0.5311550775798375 0.871339805054295 0.7102780840377312 6 19
0.6900529351347081 0.5576717839257861 0.8868242907907014 0.751623177753277 6 20
0.7659002923283559 0.5151465396929644 0.7810533420681715 0.5382620768508309 7 10
0.7064865291933318 0.5753222231343896 0.7332499553332142 0.6093348033811099 7 11
0.7549182270680256 0.5286922255972416 0.7849641673118536 0.5662950712564825 7 12
0.7520739511732638 0.5204827189885888 0.7974311635201398 0.5735840581485565 7 13
0.8238129098522556 0.42377473113865854 0.8739007007722391 0.47909265384458327 7 14
0.6162597771983882 0.6428864625236024 0.7027574295753678 0.7277144840540651 7 15
0.7548392194042822 0.5112880715868976 0.8375717150060549 0.6041283841724856 7 16
0.7662163229833294 0.49339134718003447 0.8646100093303952 0.593735963085467 7 17
0.5949277079876748 0.6479763566209671 0.7446648005876164 0.7863734738045653 7 18
0.7223670696057518 0.5203185288564157 0.8683620193357553 0.6773653477071339 7 19
0.7076716441494825 0.5364912568754617 0.8821392412601989 0.708910122912328 7 20
0.7803586947933949 0.5023397093834661 0.7967164949476903 0.52835967168933 8 10
0.7459903610650233 0.5387078236597981 0.7769837015861671 0.5753195312180979 8 11
0.7721418977640832 0.512273212379936 0.8019772497171104 0.5546367756952101 8 12
0.7131231729477759 0.5630079632214104 0.7669783415718738 0.6202172403936461 8 13
0.7796476258197045 0.4882193580165832 0.8356262283366089 0.5523908693699212 8 14
0.6843643833451845 0.583942205073475 0.7760308101562345 0.6746702601167871 8 15
0.6909220194358853 0.5820540185534849 0.7906418120818692 0.6857772877618522 8 16
0.7638460930710279 0.4983170511452262 0.8660194945705041 0.6069255584139818 8 17
0.5965078612625425 0.6494540678105246 0.7494491096420701 0.7907631998039937 8 18
0.7477285296673777 0.49963057220261065 0.8975641712822345 0.6649924455878149 8 19
0.7192067630560164 0.5321402183728758 0.9070732336767713 0.7189962840458981 8 20
0.7787785415185273 0.4943764879730728 0.794373970182439 0.5167013761280574 9 10
0.7866793078928656 0.48173384779574746 0.8141663192583328 0.5133937686308139 9 11
0.792130836691159 0.4919957310565635 0.8160721021181983 0.5246845522479481 9 12
0.7451212767638461 0.5252442328216074 0.7892521787465507 0.5743394993670627 9 13
0.8281583313581418 0.4198341679665052 0.8742778869632541 0.4717832496222794 9 14
0.6320613099470649 0.633035054593219 0.7193933257896095 0.7198129772550941 9 15
0.6838113296989808 0.5757326984648222 0.7753558453933654 0.6768753317816162 9 16
0.8389823812909852 0.3896231836466628 0.9238679451293351 0.4761933929519376 9 17
0.5852097653472387 0.6515064444626878 0.7367637424810911 0.7933766180734207 9 18
0.7791735798372442 0.47385272145144075 0.9063585651043218 0.6160521050267467 9 19
0.7504147902346527 0.4835399392496511 0.9083437555833482 0.6565805055330964 9 20
0.7338231808485423 0.5614481569657663 0.7503622972624223 0.5833027073379885 10 10
0.7331911195385953 0.5596420655118627 0.761896253945566 0.594736412266732 10 11
0.7373785257169946 0.5489697069206141 0.7707899072916047 0.5887745518396015 10 12
0.75128387453583 0.52376652163205 0.7975502749488813 0.578749642696721 10 13
0.7711147981354192 0.5046383712338889 0.8245687173684315 0.5649271101310792 10 14
0.6666666666666666 0.5988014120351367 0.7555833482222619 0.6883702887010494 10 15
0.7113059966816782 0.5492159921188736 0.813054612590078 0.6570092694679244 10 16
0.8011377103579047 0.45086610294721285 0.8943084588966311 0.54859324594716 10 17
0.6806510231492455 0.567769477054429 0.8417207631072201 0.7208542610968189 10 18
0.7697716678517816 0.48633117149659305 0.9096539812995057 0.644942627302054 10 19
0.7606067788575492 0.4794351859453247 0.9316498918071189 0.662358609988158 10 20
0.72489531484554 0.5583285444544783 0.7439699839199572 0.5810976356731594 11 10
0.7138342419214664 0.5758968885969953 0.7424413872511068 0.6043529748050145 11 11
0.7124121039740855 0.5652245300057467 0.7419252377265598 0.6050267467026011 11 12
0.8146480208580232 0.4373204170429357 0.8538105731244913 0.4882192004573482 11 13
0.8174132890890417 0.44380592726377144 0.860917555039406 0.4930172730613745 11 14
0.692502172710753 0.5602167309744684 0.7710281301490878 0.6458818244926293 11 15
0.7471754760211741 0.5000410475330432 0.8356659321461894 0.5922863326391441 11 16
0.8069842774749151 0.44700763484114603 0.8923828241319754 0.5346482094001388 11 17
0.7097258434068104 0.5294310811920203 0.8595279217040875 0.6721589284985096 11 18
0.7870743462115826 0.4730317707905755 0.9027852222420741 0.610723181836743 11 19
0.7819388480682626 0.45932189475412527 0.9279375856113394 0.6260565968393973 11 20
0.7497037212609623 0.5392824891224037 0.7676334544299526 0.564988362121769 12 10
0.7112269890179347 0.5767178392578606 0.7425009429654775 0.6140307893339867 12 11
0.7319269969187011 0.5551268368771037 0.7624719591844837 0.5968189799501817 12 12
0.7842300703168207 0.47582300303751746 0.8312389573779604 0.5350973906651966 12 13
0.760369755866319 0.5189229127329448 0.8126972783038533 0.5791784066315488 12 14
0.7349292881409497 0.527050324275511 0.8172433645008238 0.6161541916778962 12 15
0.6969266018803824 0.576471554059601 0.7938975244674726 0.6726489444240271 12 16
0.7978193884806827 0.4635087431245382 0.8847596926925139 0.5521866960676222 12 17
0.6966895788891523 0.5437977177571628 0.8578802136064956 0.7007431908203683 12 18
0.7614758631587264 0.5100566455955997 0.8905961527008517 0.6539466699334395 12 19
0.7643201390534882 0.48304736885313193 0.9304984813292836 0.6597451917187308 12 20
0.7504937978983961 0.5135867334373204 0.7693605701467056 0.5412430070643962 13 10
0.6400410839851466 0.6368935226992858 0.6685525976217418 0.6706072114010372 13 11
0.6790708698743778 0.6043017814629341 0.703372838623866 0.6437992568091796 13 12
0.8336888678201786 0.3968475494622773 0.8748734441069621 0.45191718730858754 13 13
0.7335071501935688 0.5524997947623348 0.7796438568280627 0.6049246600514516 13 14
0.7361144030971004 0.510877596256465 0.8102157902050702 0.5946751602760423 13 15
0.6440704748360591 0.6250718331828257 0.7285649058027117 0.7146882273673895 13 16
0.8419846725132338 0.3872424267301535 0.9201556389335557 0.4645963493813549 13 17
0.6293750493797898 0.5976520811099253 0.7779564449208901 0.7394952835967169 13 18
0.7960022122145848 0.47089729907232575 0.9049093760546324 0.5925517579321328 13 19
0.7775144188986332 0.4521796240045973 0.9271236575149385 0.620033484421577 13 20
0.7709567828079323 0.5003694277973894 0.7893712901752923 0.5284821756707093 14 10
0.6056727502567749 0.6765454396190789 0.6353403609076291 0.7109926905957777 14 11
0.7337441731847989 0.5535670306214596 0.7644571496635102 0.5956347747968476 14 12
0.8302125306154697 0.4213118791560627 0.8736426260099657 0.47511127444975293 14 13
0.7600537252113455 0.5197438633938101 0.8125781668751116 0.5792192412920086 14 14
0.7380105870269417 0.5268040390772515 0.8164492883092133 0.6118257176691576 14 15
0.6405151299676068 0.626056973975864 0.743513390109781 0.7279186573563641 14 16
0.814410997866793 0.4312453821525326 0.9013558850971751 0.5240516150108212 14 17
0.6831792683890338 0.5557015023397094 0.8375717150060549 0.7031932704479562 14 18
0.774591135340128 0.4951153435678516 0.8943680146110019 0.6345297888848054 14 19
0.7670854072845066 0.475905098103604 0.9309352232346694 0.6498632038874597 14 20
0.7750651813225883 0.4791068056809786 0.7948901197069859 0.5030013475437952 15 10
0.5264280635221616 0.7279369509892456 0.5571040041291963 0.7569112662828209 15 11
0.6900529351347081 0.5927263771447336 0.7142318305441407 0.6334068357221609 15 12
0.8666350636011693 0.35818077333552256 0.9062394536755801 0.4118379680672955 15 13
0.7909457217350083 0.46851654215581645 0.8427729140611042 0.5258483400710523 15 14
0.7949751125859208 0.45029143748460715 0.8618704464693387 0.5254195761362245 15 15
0.6707750651813226 0.5989656021673098 0.7595140253707343 0.6944750704397893 15 16
0.8639488030338943 0.3542402101633692 0.9335556746669843 0.4289681081301809 15 17
0.7214189776408312 0.510713406124292 0.8552994659837612 0.6415941851443505 15 18
0.7864422849016355 0.477464904359248 0.8963135012804478 0.6096002286740986 15 19
0.7441731847989255 0.5002873327313029 0.8951025350882417 0.6577647106864306 15 20
0.8011377103579047 0.4520975289385108 0.8210350783157644 0.47750010208665117 16 10
0.6381449000553053 0.6455955997044578 0.6682746709546781 0.6836743027481726 16 11
0.6741723947222881 0.61858632296199 0.703372838623866 0.6564171668912573 16 12
0.8148850438492534 0.4458583039159347 0.8613145931352113 0.502429662297358 16 13
0.7764083116062258 0.4814875625974879 0.8341968911917098 0.552431704030381 16 14
0.7342182191672593 0.5272145144076841 0.8159529906894567 0.6143166319572053 16 15
0.6639013984356482 0.6047943518594533 0.7658269310940384 0.7099514067540529 16 16
0.8359800900687366 0.40513915113701665 0.9168999265479523 0.48693290865286454 16 17
0.6841273603539544 0.5540596010179788 0.845611736446112 0.7110743599166973 16 18
0.785731215927945 0.4794351859453247 0.9049689317690033 0.6171546408591613 16 19
0.7660583076558426 0.47902471061489205 0.9268258789430845 0.6478623055249295 16 20
0.7829659476969266 0.4699942533453739 0.803525698290751 0.49393605292171994 17 10
0.6786758315556609 0.5955997044577621 0.709904115299863 0.6321001265874474 17 11
0.7074346211582524 0.5746654626056974 0.733905068191293 0.612744497529503 17 12
0.8365331437149404 0.40768409818569906 0.8742778869632541 0.46049246600514515 17 13
0.8012167180216481 0.43444708972990725 0.8548627240783753 0.49352770631712195 17 14
0.7920518290274157 0.4507840078811263 0.8598058483711513 0.5261954346849606 17 15
0.6412261989412973 0.6108693867498564 0.7379945605780874 0.7124831557025604 17 16
0.871928577071976 0.34250061571299567 0.9412383618208167 0.41539058352729796 17 17
0.7467804377024572 0.481815942861834 0.8847398407877236 0.6260361795091673 17 18
0.7770403729161729 0.48715212215745834 0.8900800031763048 0.6175629874637593 17 19
0.7428300545152879 0.5013545685904277 0.8967105393762531 0.6582751439421781 17 20
0.755629296041716 0.5025859945817256 0.7781152601592123 0.5314631058842746 18 10
0.6496010112980959 0.634594860848863 0.6794314414468068 0.6740169055494304 18 11
0.7217350082958047 0.5680157622526886 0.755662755841423 0.6099677406182368 18 12
0.8057991625187643 0.4469255397750595 0.8516467155023525 0.5099432398219609 18 13
0.7478865449948645 0.5207290041868484 0.8062454092470173 0.5885091265466128 18 14
0.7881804535039899 0.4585830391593465 0.862188076945983 0.5415492670178448 18 15
0.710041874061784 0.5511041786388639 0.8127965378278046 0.6571521907795337 18 16
0.8419846725132338 0.3889664231179706 0.9235503146526909 0.46782228755767896 18 17
0.7712728134629059 0.4645759789836631 0.9116193198737419 0.6088856221160521 18 18
0.7388796713281188 0.5304162219850587 0.8707839517201675 0.6788353954836865 18 19
0.733349134866082 0.526886134143338 0.8933357155619082 0.6896157458450733 18 20
0.7674804456032235 0.45439619078893356 0.7922895201794612 0.4848299236391849 19 10
0.6244765742277001 0.6414087513340448 0.6574553828439839 0.6777736943117318 19 11
0.6879987358773801 0.5939578031360315 0.717110356738729 0.6365715219077953 19 12
0.821600695267441 0.4234463508743124 0.8611160740873087 0.4792559924864225 19 13
0.759737694556372 0.4922420162548231 0.8079129692493995 0.546143166319572 19 14
0.7971083195069921 0.43846974796814714 0.8678855736207889 0.5208869288251868 19 15
0.6620842221695504 0.5923979968803875 0.7534591944097037 0.6915962268773735 19 16
0.8574701746069369 0.3671291355389541 0.9244039465586723 0.4362162603617951 19 17
0.7654262463458955 0.47007634841146045 0.8987155817600698 0.6070480623953611 19 18
0.7703247214979853 0.500615712995649 0.8815833879260715 0.6260361795091673 19 19
0.7393537173105791 0.518348247270339 0.8889087407936792 0.6742006615214995 19 20
0.745516315082563 0.5013545685904277 0.7730530244376947 0.5324839723957695 20 10
0.6379868847278186 0.641737131598391 0.6727413495324877 0.682612601576218 20 11
0.6990598088014537 0.592480091946474 0.7324757310463939 0.6350606394707828 20 12
0.8285533696768587 0.41704293571956325 0.8732852917237409 0.47564212503573033 20 13
0.721181954649601 0.5492980871849602 0.7802394139717705 0.6178896647474377 20 14
0.8052461088725607 0.43888022329857973 0.8785658983979513 0.5226632365551881 20 15
0.6414632219325275 0.6270421147689024 0.7399598991523236 0.726509861570501 20 16
0.8135419135656159 0.4424103111403005 0.8946856450876461 0.5247049695781779 20 17
0.7559453266966896 0.4878088826861506 0.8965914279475116 0.6337743476662991 20 18
0.777277395907403 0.4907643050652656 0.898278839854684 0.6237902731838785 20 19
0.729240736351426 0.5351777358180774 0.8908145236535445 0.6963738821511699 20 20
0.792130836691159 0.40949018963960265 0.8186329978361424 0.4440565151700764 21 10
0.6565536857075136 0.6197356538872014 0.6912036209874337 0.655477969700682 21 11
0.6605040688946828 0.620146129217634 0.6941218509916026 0.6628690432439054 21 12
0.8448289484079956 0.39298908135621047 0.8914894884164135 0.44395442851892686 21 13
0.7008769850675516 0.5707248994335441 0.752744525837254 0.6327330638245743 21 14
0.8050090858813305 0.4391265084968393 0.8722529926746472 0.5153334150026543 21 15
0.6801769771667852 0.5753222231343896 0.76894368014611 0.6695863448895423 21 16
0.7971873271707356 0.4632624579262786 0.8697119488614933 0.5371391236881865 21 17
0.8182033657264755 0.411870946556112 0.9277986222778075 0.5312589325819755 21 18
0.755629296041716 0.5158033002216567 0.8677466102872571 0.6423700436930867 21 19
0.7240262305443628 0.5332895492980871 0.873523514581224 0.6905141083751889 21 20
0.7728529667377736 0.47089729907232575 0.7954459730411133 0.5002245906325289 22 10
0.6996128624476574 0.5793448813726295 0.7348579596212257 0.6208297603005432 22 11
0.6889468278423007 0.599622362696002 0.7249518591308836 0.6464126750786067 22 12
0.7995575570830371 0.46359083819062474 0.8491453754987791 0.5224386459226592 22 13
0.7388796713281188 0.537148017404154 0.7919520377980267 0.5960839560619053 22 14
0.7890495378051671 0.4723750102618833 0.8589125126555893 0.5525133733513006 22 15
0.6417002449237577 0.6276167802315081 0.736982113433784 0.7262648536077423 22 16
0.8099075610334202 0.4474181101715787 0.8891866674607428 0.5286046796520887 22 17
0.752310974164494 0.4883835481487563 0.893097492704425 0.6348564661684838 22 18
0.7373785257169946 0.5304983170511453 0.8678260179064181 0.6728122830658663 22 19
0.7047483605909773 0.5616123470979394 0.8688186131459313 0.7256523337008453 22 20
0.8021648099865687 0.39602659880141206 0.826037758322911 0.428130997590755 23 10
0.7289247056964525 0.5392003940563173 0.7645762610922519 0.5797705092082159 23 11
0.6913960654183455 0.5933010426073393 0.7221130367458758 0.638654089591245 23 12
0.8279213083669116 0.4175355061160824 0.8694737260040101 0.47076238311078444 23 13
0.7022991230149325 0.567605286922256 0.7541341591725726 0.630548409489975 23 14
0.7727739590740301 0.4786142352844594 0.8415222440593175 0.5551676262811874 23 15
0.6622422374970373 0.5921517116821279 0.751235781073194 0.6878802727755319 23 16
0.793157936319823 0.4696658730810278 0.8644908979016537 0.5440605986361223 23 17
0.7795686181559611 0.44676134964288644 0.8951620908026126 0.5634570623545265 23 18
0.738089594690685 0.527050324275511 0.8610168145633573 0.6605414675976969 23 19
0.7026941613336494 0.5542237911501519 0.8510710102634348 0.7099105720935931 23 20
0.7942640436122304 0.44700763484114603 0.8178984773589025 0.4786026379190657 24 10
0.6777277395907403 0.5966669403168869 0.7176662100728565 0.64371758748826 24 11
0.7041953069447736 0.5885395287743207 0.7395827129613086 0.6328351504757238 24 12
0.7911827447262384 0.4733601510549216 0.8397951283425644 0.5339744375025521 24 13
0.7162834794975113 0.5580822592562187 0.7749191034879797 0.6248315570256033 24 14
0.7838350319981038 0.4731959609227485 0.8595279217040875 0.5621095185593532 24 15
0.658291854309868 0.6134143337985387 0.7558612748893256 0.7119931397770427 24 16
0.7613178478312397 0.5161316804860028 0.8400730550096281 0.60527175466536 24 17
0.7658212846646125 0.4567769477054429 0.8958569074702718 0.5910000408346605 24 18
0.7654262463458955 0.49823495607913965 0.8955392769936276 0.644942627302054 24 19
0.6770166706170498 0.588129053443888 0.8419589859647033 0.7476826330189065 24 20
0.8305285612704433 0.36195714637550286 0.8602028864669565 0.3982604434644126 25 10
0.6905269811171684 0.5838601100073886 0.7249320072260933 0.6271387153415819 25 11
0.6487319269969187 0.6291765864871521 0.6838584162150358 0.6709951406754053 25 12
0.7822548787232362 0.47040472867580657 0.833680741667163 0.5297480501449631 25 13
0.6646124674093387 0.6047122567933667 0.7217755543644413 0.6713014006288538 25 14
0.7756972426325354 0.47582300303751746 0.8466043316856252 0.5585977377598105 25 15
0.5920044244291697 0.6530662507183318 0.6823099676413952 0.7507656498836213 25 16
0.7991625187643201 0.46038913061325015 0.8685009826692871 0.5350973906651966 25 17
0.8102235916883938 0.38535424021016335 0.9162646655946638 0.5044305606598881 25 18
0.7361934107608438 0.5252442328216074 0.8593294026561848 0.6654212095226428 25 19
0.6675357509678439 0.595435514325589 0.8236952335576598 0.7534811548041978 25 20
0.8488583392589081 0.342090140382563 0.8769181903003593 0.3793744130017559 26 10
0.7019040846962156 0.5710532796978901 0.7412105691541103 0.6191147045612315 26 11
0.6752785020146954 0.6091453903620393 0.7165147995950212 0.6551308750867737 26 12
0.8087224460772695 0.44873163122896315 0.8589720683699601 0.5098003185103516 26 13
0.7128071422928024 0.560463016172728 0.7726758382466797 0.6291600310343419 26 14
0.7987674804456032 0.45259009933502997 0.8732852917237409 0.5406100698272693 26 15
0.6615311685233468 0.6024135949429439 0.7602683977527643 0.7044999795826697 26 16
0.813146875246899 0.4424103111403005 0.8902586703194172 0.5245416309363388 26 17
0.7876273998577862 0.43600689598555126 0.9143985865443789 0.5678672056841847 26 18
0.7581575412815043 0.5027501847138987 0.890020447461934 0.6542733472171179 26 19
0.6970846172078692 0.5731056563500534 0.862485855517837 0.7406794887500511 26 20
0.9032156119143557 0.23856826204745094 0.927004546086197 0.2673241047000694 27 10
0.6310342103184009 0.6249076430506526 0.6709149742917833 0.6701171954755196 27 11
0.6118353480287588 0.6620146129217634 0.6482639509260913 0.7031932704479562 27 12
0.7886544994864502 0.47180034479927757 0.8370952692910885 0.5283188370288701 27 13
0.7582365489452477 0.49651095969132253 0.8118833502074524 0.5553513822532565 27 14
0.8246819941534329 0.4039898202118053 0.8929585293708932 0.4812977255094124 27 15
0.5915303784467093 0.6442820786470733 0.6890596152700852 0.7470496957817796 27 16
0.8339258908114087 0.3931532714883835 0.9038770770055387 0.4683327208134264 27 17
0.7771193805799163 0.4383055578359741 0.8994302503325194 0.5652333700845278 27 18
0.7295567670063996 0.5304162219850587 0.8539693883628134 0.6717301645636816 27 19
0.6981907245002765 0.5711353747639767 0.8500585631191313 0.724080199273143 27 20
0.8821995733586158 0.2806009358837534 0.9060607865324678 0.31399812160561885 28 10
0.5979299992099234 0.6690747886052049 0.6365910309094157 0.7134223528931357 28 11
0.6623212451607806 0.6226910762663164 0.7036904691005101 0.6703213687778186 28 12
0.7719838824365963 0.4997126672686972 0.8230401206995811 0.5581281391645229 28 13
0.7243422611993363 0.5442081930875954 0.7883389911261985 0.6180530033892768 28 14
0.8336098601564351 0.4009523027666037 0.9030035931947671 0.48358446649516107 28 15
0.6773327012720234 0.5795090715048026 0.7809937863538007 0.6886765486544979 28 16
0.8234178715335387 0.4112962810935063 0.9002640303337105 0.4932010290334436 28 17
0.7462273840562534 0.4932271570478614 0.8831715403092927 0.6382049083261873 28 18
0.7087777514418898 0.5540596010179788 0.8473587040676553 0.7049287435174977 28 19
0.7218140159595481 0.5518430342336426 0.8786056022075318 0.7103801706888807 28 20
0.8853598799083511 0.26451030293079386 0.9120759136839179 0.2956633590591694 29 10
0.6353006241605436 0.6170265167063459 0.6769896571576043 0.6655232961737924 29 11
0.6531563561665481 0.6185042278959034 0.6931292557520894 0.6647270202948262 29 12
0.7335071501935688 0.5382973483293654 0.7835149782621642 0.5914083874392584 29 13
0.75665639567038 0.49626467449306294 0.8111488297302126 0.5587610764016497 29 14
0.8678201785573201 0.3387242426730154 0.9316101879975384 0.41351218914614724 29 15
0.7252903531642569 0.5066086528199655 0.8230004168900006 0.6113152844134101 29 16
0.8473571936477838 0.3630243822346277 0.9076687908204792 0.4281105802605251 29 17
0.7426720391878012 0.4928987767835153 0.8689774283842535 0.6211564375842215 29 18
0.7337441731847989 0.5274607996059437 0.860242590276537 0.6706684633917269 29 19
0.7029311843248796 0.5653066250718332 0.8501776745478729 0.71052309200049 29 20
0.8474362013115272 0.35005336179295626 0.8748337402973815 0.3855404467311854 30 10
0.6524452871928577 0.6221985058697972 0.6878287971730888 0.6675446118665523 30 11
0.6672987279766137 0.6208028897463262 0.7052984733885216 0.665176201559884 30 12
0.7622659397961602 0.5123553074460225 0.8138685406864788 0.5713789864837274 30 13
0.720154855020937 0.5539775059518923 0.7796438568280627 0.6234431785699702 30 14
0.8191514576913961 0.42681224858386013 0.89047704127211 0.5121687288170199 30 15
0.7423560085328277 0.5025038995156391 0.8467035912095766 0.6127240801992732 30 16
0.8140159595480762 0.4182743617108612 0.8856728803128661 0.495549022009882 30 17
0.7482815833135814 0.5036532304408505 0.874119071724932 0.6358773326799788 30 18
0.7388006636643755 0.5259009933502996 0.8782879717308876 0.6822859242925395 30 19
0.7092517974243502 0.5615302520318529 0.8674488317154031 0.715178243292907 30 20
0.877301098206526 0.2781380839011575 0.9071724932007226 0.3125689084895259 31 10
0.5701983092359959 0.6863968475494623 0.6038353880054791 0.7254481603985463 31 11
0.6839693450264676 0.6006075034890404 0.7202072538860104 0.6423496263628568 31 12
0.7514418898633167 0.5147360643625318 0.8007861354296945 0.5648454408101596 31 13
0.7318479892549578 0.5271324193415976 0.78994699541421 0.5934909551227081 31 14
0.7988464881093466 0.44897791642722273 0.8689377245746729 0.5287680182939278 31 15
0.7064865291933318 0.5314834578441836 0.8070394854386278 0.6435950835068807 31 16
0.8334518448289484 0.37550283227978 0.9008397355726282 0.44877291845318307 31 17
0.7427510468515446 0.5020113291191199 0.8546245012208922 0.6222181387561763 31 18
0.7266334834478945 0.5278712749363763 0.86046096122923 0.6786108048511577 31 19
0.6670617049853835 0.5965848452508005 0.8236555297480793 0.7462125852423537 31 20
0.8765110215690922 0.28831787209588705 0.9027653703372839 0.32408428273918904 32 10
0.5790471675752548 0.6968229209424514 0.6115577789688921 0.7324717219976316 32 11
0.7305048589713202 0.5547984566127576 0.7706112401484922 0.6004124300706439 32 12
0.7384846330094019 0.5368196371398078 0.7917336668453339 0.5918371513740863 32 13
0.7403808169392431 0.525490518019867 0.7998332439997617 0.5940218057086856 32 14
0.7478075373311212 0.5218783351120597 0.8279633930875667 0.6089672914369717 32 15
0.692502172710753 0.554552171414498 0.8022353244793838 0.6730981256890849 32 16
0.813146875246899 0.4255808225925622 0.887618366982312 0.5069623096083956 32 17
0.6996128624476574 0.5589853049831706 0.8309610307108967 0.6893094858916248 32 18
0.6987437781464803 0.5616123470979394 0.8467234431143669 0.7227734901384295 32 19
0.7004819467488347 0.5717921352926689 0.8643519345681218 0.7336150924905059 32 20
0.863079718732717 0.29907232575322223 0.8918468227026383 0.33513005839356447 33 10
0.49419293671486136 0.7509235694934735 0.5271871836102674 0.7877822695904284 33 11
0.7245002765268231 0.5532386503571135 0.7639012963293828 0.6002695087590346 33 12
0.7109899660267046 0.5568508332649208 0.7649732991880571 0.6132753481154805 33 13
0.7098048510705538 0.5584927345866514 0.7660850058563119 0.6221364694352567 33 14
0.7827289247056964 0.472949675724489 0.8527584221706073 0.551227081546817 33 15
0.7221300466145216 0.5084147442738691 0.823476862604967 0.623279839928131 33 16
0.8318716915540807 0.38699614153189393 0.8977626903301372 0.4605741353260648 33 17
0.7438571541439519 0.5030785649782448 0.8563913207472257 0.6231573359467516 33 18
0.7246582918543099 0.5320581233067893 0.8575228793202708 0.6820409163297807 33 19
0.7273445524215849 0.5424841966997783 0.8764218926806027 0.6928212666911675 33 20
0.8730346843643834 0.2955422379115015 0.8976832827109761 0.3284535914083874 34 10
0.5608754049142767 0.7043756670224119 0.5928374327516726 0.7427008044428111 34 11
0.757683495299044 0.5208931943190215 0.799853095904552 0.5708685532279799 34 12
0.7250533301730268 0.5481487562597488 0.7854406130268199 0.6135203560782392 34 13
0.7425140238603144 0.5227813808390116 0.8030294006709944 0.5931438605087999 34 14
0.7573674646440705 0.5058697972251868 0.837432751672523 0.5938176324063865 34 15
0.6734613257485976 0.5799195468352352 0.7856589839795128 0.6984972844950794 34 16
0.8084854230860393 0.42927510056645596 0.888293331745181 0.5098411531708114 34 17
0.6992968317926839 0.558903209917084 0.8309808826156869 0.6891665645800156 34 18
0.7223670696057518 0.5406781052458747 0.8614138526591626 0.6968434807464576 34 19
0.7187327170735561 0.5572613085953534 0.8784269350644194 0.7148924006696884 34 20
0.8588133048905744 0.3099909695427305 0.8855537688841244 0.3434194944669035 35 10
0.5283242474520028 0.7120105081684591 0.5645087646159649 0.756074155743395 35 11
0.8037449632614364 0.45341104999589527 0.8426935064419431 0.5037976234227612 35 12
0.7248163071817967 0.5500369427797389 0.7795843011136918 0.6088447874555923 35 13
0.7094098127518369 0.5599704457762088 0.7650924106167987 0.6231777532769815 35 14
0.8046140475626136 0.43165585748296526 0.8739602564866099 0.5113724529380538 35 15
0.5830765584261673 0.6459239799688039 0.6949556309927938 0.7608313936869615 35 16
0.8370071896974006 0.37295788523109763 0.9027455184324936 0.4454857282861693 35 17
0.6616101761870902 0.5796732616369756 0.7857780954082544 0.7053983421127853 35 18
0.7068025598483053 0.5521714144979887 0.8400333512000476 0.7024990812201397 35 19
0.7152563798688473 0.5583285444544783 0.8624461517082564 0.701416962717955 35 20
0.8177293197440152 0.39438469747968147 0.8443809183491156 0.4257625872840867 36 10
0.5643517421189855 0.691650931779 0.6030413118138686 0.7373922985830372 36 11
0.7711147981354192 0.5101387406616862 0.8114267563972763 0.5572501939646372 36 12
0.7316109662637276 0.5529102700927674 0.7833164592142616 0.6092327167299604 36 13
0.7378525716994548 0.5286101305311551 0.7970142735195442 0.6014945485728286 36 14
0.7586315872639646 0.5066086528199655 0.835864451194092 0.5929396872065009 36 15
0.627952911432409 0.6180937525654708 0.7389276001032299 0.735003470946139 36 16
0.8442758947617919 0.3656514243493966 0.9153713298791019 0.44164727020294825 36 17
0.6900529351347081 0.5612839668335933 0.8235165664145475 0.6935971252399036 36 18
0.7435411234889784 0.5236023314998769 0.877791674111131 0.6798562619951816 36 19
0.7321640199099313 0.544290288153682 0.8835884303098882 0.6961288741884111 36 20
0.8092754997234731 0.3985715458500944 0.8360431183372045 0.43188778635305647 37 10
0.5568460140633641 0.6931286429685576 0.5922220237031743 0.7368614479970599 37 11
0.7858892312554318 0.4838683195139972 0.8252635340360908 0.5299318061170322 37 12
0.7268705064391245 0.5565224530005747 0.773291247295178 0.6049654947119115 37 13
0.7021411076874456 0.5625974878909777 0.7598515077521688 0.6321001265874474 37 14
0.7579205182902742 0.49207782612265005 0.8340380759533877 0.5746253419902814 37 15
0.6727502567749072 0.5485592315901814 0.7776785182538265 0.6656049654947119 37 16
0.861420557794106 0.3374107216156309 0.9187858575030274 0.4036710359753359 37 17
0.659318953938532 0.586733437320417 0.7792468187322573 0.7051533341500266 37 18
0.7037212609623134 0.556111977670142 0.8380680126258114 0.7070317285311772 37 19
0.7385636406731453 0.5326327887693949 0.8727889941039843 0.6687492343501164 37 20
0.8223907719048748 0.3866677612675478 0.8504754531197268 0.42047449875454285 38 10
0.5424666192620684 0.7111074624415072 0.5770353165386218 0.7546041079668423 38 11
0.7549182270680256 0.523930711764223 0.8011633216207095 0.5735228061578668 38 12
0.7506518132258829 0.532468598637222 0.8002898378099379 0.5850790150679898 38 13
0.7435411234889784 0.520975289385108 0.8037242173386536 0.5952876801829393 38 14
0.7145453108951568 0.5543058862162384 0.7977884978063645 0.6443301073951571 38 15
0.672513233783677 0.5735982267465726 0.7799217834951263 0.6924741720772591 38 16
0.8540728450659714 0.3458665134225433 0.920929863220376 0.42029074278247375 38 17
0.6629533064707277 0.5841063952056481 0.7923689277986222 0.7124219037118706 38 18
0.6785968238919176 0.5781134553813316 0.8275067992773907 0.7433541590101679 38 19
0.7637670854072846 0.5054593218947542 0.9046711531971493 0.6525582914778063 38 20
0.8011377103579047 0.40842295378047777 0.8295713973755782 0.4405855690309935 39 10
0.5686181559611282 0.6767096297512519 0.6066940622952772 0.7232430887337172 39 11
0.7341392115035158 0.5360807815450291 0.7762491811089274 0.5855690309935073 39 12
0.7189697400647863 0.566209670798785 0.7650130029976376 0.6167462942545633 39 13
0.7568144109978668 0.5020113291191199 0.8107319397296171 0.5666625832006207 39 14
0.7595006715651418 0.496428864625236 0.8325293311893276 0.5774633508922373 39 15
0.6018013747333492 0.6272063049010754 0.699700236237667 0.738658173057291 39 16
0.8760369755866318 0.3079385928905673 0.9355210132412205 0.37845563314141045 39 17
0.6752785020146954 0.5673590017239963 0.7921704087507196 0.6883702887010494 39 18
0.6954254562692581 0.5599704457762088 0.8372937883389912 0.7175466535995754 39 19
0.7522319665007505 0.5164600607503489 0.8888690369840986 0.6564580015517171 39 20
0.7627399857786206 0.4848534603070355 0.787842693506442 0.5182939278859896 40 10
0.5441257802006795 0.7090550857893441 0.5805093998769182 0.7521540283392544 40 11
0.6959785099154618 0.5847631557343403 0.7430170924900245 0.6355710727265302 40 12
0.7024571383424192 0.5877185781134554 0.7513945963115161 0.6411450038792927 40 13
0.7282926443865055 0.5456038092110664 0.7847060925495801 0.619237208542611 40 14
0.7229201232519554 0.5488876118545275 0.8018581382883687 0.6340806076197476 40 15
0.5784151062653078 0.669403168869551 0.6752823933456416 0.7748785168851321 40 16
0.8779331595164731 0.30498317051145224 0.9413376213447681 0.38021152354118176 40 17
0.6868136209212293 0.5592315901814301 0.8113473487781152 0.6886357139940381 40 18
0.7116220273366517 0.5477382809293162 0.8623270402795148 0.7193637959900363 40 19
0.7260804298016907 0.548805516788441 0.8757072241081532 0.6975989219649639 40 20
0.8015327486766216 0.40678105245874724 0.8302463621384472 0.43948303319857895 41 10
0.47775934265623765 0.7531401362778097 0.5128938121612768 0.795336681775491 41 11
0.7041162992810303 0.5697397586405057 0.7482976991642348 0.6189309485891625 41 12
0.7248163071817967 0.561694442164026 0.7680701963353384 0.612764914859733 41 13
0.6818361381053962 0.5882111485099746 0.7385901177217954 0.6560904896075789 41 14
0.7075926364857391 0.5524997947623348 0.7824032715939094 0.6377965617215893 41 15
0.6037765663269337 0.6269600197028159 0.6995811248089254 0.7333292498672873 41 16
0.8740617839930473 0.3094983991462113 0.9360371627657674 0.38353954836865534 41 17
0.7143872955676701 0.5207290041868484 0.825660572131896 0.6372861284658418 41 18
0.6908430117721419 0.5671948115918233 0.8294721378516269 0.725713585691535 41 19
0.7327960812198784 0.5405960101797882 0.8731066245806285 0.6799175139858712 41 20
0.8088014537410129 0.4015269682292094 0.8383459392928752 0.43517497652007026 42 10
0.5681441099786679 0.6905016008537886 0.6071109522958728 0.7351055575972886 42 11
0.706723552184562 0.5835317297430425 0.7515534115498382 0.6299563069133081 42 12
0.6988227858102236 0.5956817995238486 0.7456573958271296 0.6487606680550452 42 13
0.686734613257486 0.5877185781134554 0.7501637782145197 0.6611539875045939 42 14
0.7117800426641384 0.5620228224283721 0.7918329263692852 0.6527624647801054 42 15
0.5743857154143952 0.6724406863147525 0.6713715681019594 0.7771652578708808 42 16
0.8773801058702694 0.3051473606436253 0.9428066622992476 0.3839274776430234 42 17
0.7214189776408312 0.5217141449798867 0.8450360312071943 0.6503736371432072 42 18
0.6669036896578968 0.5919875215499548 0.817560994977468 0.7591980072685696 42 19
0.7562613573516631 0.5146539692964452 0.9008794393822087 0.6616440034301114 42 20
0.7765663269337125 0.42845414990559066 0.8085283782978977 0.4615745845073298 43 10
0.4836849174369914 0.748214432312618 0.5193853850276934 0.7903956878598555 43 11
0.746543414711227 0.532796978901568 0.790244773986064 0.5784229654130426 43 12
0.706723552184562 0.5843526804039078 0.7516725229785798 0.6343051982522765 43 13
0.6676937662953306 0.6024956900090305 0.7283862386595994 0.6719139205357507 43 14
0.7455953227463064 0.5230276660372711 0.816350028785262 0.6049450773816816 43 15
0.5990361065023307 0.6369756177653723 0.6937049609910071 0.7426395524521213 43 16
0.9024255352769218 0.25835317297430427 0.9565838842236912 0.3226346522928662 43 17
0.722209054278265 0.5226171907068385 0.8388422369126318 0.64573890318102 43 18
0.6926601880382397 0.5664559559970446 0.8303456216623986 0.7238147739801544 43 19
0.743462115825235 0.5276249897381168 0.8794592341135132 0.6652578708808037 43 20
0.8088014537410129 0.3997208767753058 0.8383856431024557 0.4341132753481155 44 10
0.561981512206684 0.6969871110746244 0.6016119746689695 0.7407407407407407 44 11
0.7214189776408312 0.570889089565717 0.7637821849006412 0.6164808689615746 44 12
0.7382476100181717 0.5521714144979887 0.7857979473130446 0.6050471640328311 44 13
0.6725922414474204 0.5960101797881947 0.7379747086732972 0.6708726366940259 44 14
0.7378525716994548 0.5364091618093753 0.8178786254541123 0.6269141247090531 44 15
0.6405941376313502 0.605533207454232 0.7478212534492684 0.7234472620360162 44 16
0.8893892707592637 0.2810935062802726 0.9513429813590614 0.35401608885622116 44 17
0.7172315714624319 0.5392003940563173 0.8424751354892502 0.6733635509820736 44 18
0.6948724026230544 0.567605286922256 0.8389414964365831 0.7320021234023439 44 19
0.7640831160622581 0.5075116985469174 0.9045321898636174 0.6531708113847033 44 20
0.8520186458086434 0.30908792381577865 0.8813848688781689 0.34315406917391483 45 10
0.5807853361776092 0.6755602988260405 0.6197566156472714 0.7202825758503818 45 11

