0.7018250770324721 0.5570971184631803 0.7154229448315566 0.5790559026501695 1 10
0.7034842379710832 0.5481487562597488 0.7236217815099358 0.5777900281759157 1 11
0.7044323299360038 0.5434693374928167 0.733150695809263 0.5771570909387889 1 12
0.7014300387137552 0.5436335276249897 0.7336866972386 0.5856711176446567 1 13
0.6939243106581339 0.539939249651096 0.7381136720068291 0.590877536853281 1 14
0.6913960654183455 0.5393645841884903 0.7461338415420959 0.5953080975131692 1 15
0.6789128545468911 0.5460963796075856 0.74418835487265 0.6133978520968598 1 16
0.6780437702457138 0.5351777358180774 0.7563774244138725 0.614561639919964 1 17
0.6673777356403571 0.5468352352023643 0.7522680801222877 0.6384907509494059 1 18
0.6578968159911511 0.5495443723832197 0.7556230520318424 0.6515170076360816 1 19
0.6536304021490085 0.5480666611936622 0.7633851468048359 0.6626240352811467 1 20
0.7018250770324721 0.5570971184631803 0.7154229448315566 0.5790559026501695 2 10
0.7034842379710832 0.5481487562597488 0.7236217815099358 0.5777900281759157 2 11
0.7044323299360038 0.5434693374928167 0.733150695809263 0.5771570909387889 2 12
0.7014300387137552 0.5436335276249897 0.7336866972386 0.5856711176446567 2 13
0.6939243106581339 0.539939249651096 0.7381136720068291 0.590877536853281 2 14
0.6913960654183455 0.5393645841884903 0.7461338415420959 0.5953080975131692 2 15
0.6789128545468911 0.5460963796075856 0.74418835487265 0.6133978520968598 2 16
0.6780437702457138 0.5351777358180774 0.7563774244138725 0.614561639919964 2 17
0.6673777356403571 0.5468352352023643 0.7522680801222877 0.6384907509494059 2 18
0.6578968159911511 0.5495443723832197 0.7556230520318424 0.6515170076360816 2 19
0.6536304021490085 0.5480666611936622 0.7633851468048359 0.6626240352811467 2 20
0.7116220273366517 0.554552171414498 0.7177853215015981 0.5713177344930377 3 10
0.6806510231492455 0.5769641244561202 0.6913822881305461 0.5963902160153538 3 11
0.6763846093071028 0.5796732616369756 0.6955313362317115 0.6015353832332884 3 12
0.6760685786521292 0.5774566948526394 0.7036507652909296 0.6077422516231777 3 13
0.7150193568776171 0.5359165914128561 0.7450022829690509 0.5749928539344196 3 14
0.7251323378367701 0.5318118381085297 0.7541341591725726 0.5693372534607375 3 15
0.7224460772694952 0.534192595025039 0.7684076787167728 0.5828126914124709 3 16
0.7205498933396539 0.5259009933502996 0.769618644908979 0.5843848258401731 3 17
0.6778067472544836 0.5630079632214104 0.7477616977348976 0.6363469312752664 3 18
0.7230781385794423 0.5110417863886381 0.7987413892362972 0.5969210666013313 3 19
0.6773327012720234 0.5525818898284213 0.7715244277688444 0.6548246151333251 3 20
0.6878407205498933 0.5798374517691487 0.696246004804161 0.5963085466944342 4 10
0.6952674409417714 0.5645677694770544 0.7101621900621364 0.5853648576912083 4 11
0.7083037054594296 0.5522535095640752 0.7290016477080976 0.577728776185226 4 12
0.7134392036027495 0.5441260980215089 0.7383717467691024 0.5759524684552247 4 13
0.7212609623133444 0.5332895492980871 0.7506799277390666 0.5720119237208543 4 14
0.729240736351426 0.5272145144076841 0.7622932920413714 0.5675813630609662 4 15
0.736035395433357 0.5174452015433872 0.7816091954022989 0.5684797255910817 4 16
0.7282136367227621 0.5198259584598965 0.7811923054017033 0.5790150679897097 4 17
0.6668246819941535 0.5707248994335441 0.7407738272487245 0.6459430764833191 4 18
0.7084617207869164 0.5249979476233478 0.7892124749369702 0.6186859406264037 4 19
0.6939243106581339 0.5387899187258846 0.7848649077879023 0.636428600596186 4 20
0.7049063759184641 0.5613660618996799 0.7151847219740735 0.5787088080362611 5 10
0.7055384372284111 0.5584927345866514 0.7164155400710698 0.5744211686879823 5 11
0.7205498933396539 0.5465068549380182 0.7360292220038512 0.5661725672751031 5 12
0.716836533143715 0.5419916263032591 0.7361483334325929 0.5674792764098167 5 13
0.7113059966816782 0.5511862737049503 0.7354535167649336 0.5821185021846543 5 14
0.7626609781148771 0.49117478039569823 0.789272030651341 0.5258687574012822 5 15
0.7674804456032235 0.484607175108776 0.8008456911440652 0.5246028829270285 5 16
0.7169155408074583 0.5401855348493556 0.7559803863180672 0.5871003307607497 5 17
0.6966895788891523 0.5488876118545275 0.7561193496515991 0.610743599166973 5 18
0.7032472149798531 0.5332895492980871 0.7791872630178865 0.6236677692024991 5 19
0.7425140238603144 0.49651095969132253 0.8092033430607667 0.5735840581485565 5 20
0.7162044718337679 0.5513504638371234 0.7246143767494491 0.5680713789864837 6 10
0.7004029390850912 0.5635005336179295 0.7154229448315566 0.5821389195148843 6 11
0.7043533222722604 0.5612839668335933 0.7215770353165386 0.58299644738454 6 12
0.7219720312870348 0.5396108693867498 0.7399400472475334 0.5676834497121156 6 13
0.695820494587975 0.560463016172728 0.7253091934171084 0.5982890277267344 6 14
0.7199968396934503 0.5400213447171825 0.7515732634546285 0.5785046347339622 6 15
0.7248163071817967 0.532468598637222 0.7636035177575289 0.5788108946874106 6 16
0.7350082958046931 0.5185124374025121 0.7802989696861414 0.5725019396463719 6 17
0.6979537015090463 0.5508578934406042 0.7538760844102992 0.614561639919964 6 18
0.6837323220352374 0.5547984566127576 0.7641792229964465 0.6476377148924006 6 19
0.7130441652840326 0.5338642147606929 0.7829789768328271 0.6129895054922618 6 20
0.7206289010033974 0.5400213447171825 0.7259246024656065 0.5550247049695782 7 10
0.7225250849332385 0.538543633527625 0.7355130724793044 0.5549226183184287 7 11
0.73003081298886 0.5360807815450291 0.7442280586822305 0.5548817836579689 7 12
0.7031682073161096 0.5572613085953534 0.7223711115081493 0.584405243170403 7 13
0.7098048510705538 0.542730481898038 0.7377761896253946 0.5796071705663768 7 14
0.7687445682231177 0.48600279123224693 0.7931034482758621 0.5179876679325411 7 15
0.694556371968081 0.5672769066579099 0.7236019296051456 0.6039854628608763 7 16
0.7149403492138737 0.5393645841884903 0.7529231929803665 0.5843031565192536 7 17
0.706960575175792 0.5445365733519415 0.74718599249598 0.5907141982114419 7 18
0.6616891838508335 0.5768820293900336 0.7318007662835249 0.6584180652537874 7 19
0.7237101998893892 0.5275428946720302 0.778393186826276 0.5915513087508677 7 20
0.6958995022517184 0.5708069944996306 0.7054175848172632 0.5866103148352322 8 10
0.7060914908746149 0.5561940727362286 0.7219740734123439 0.5743803340275225 8 11
0.7521529588370072 0.5098103603973401 0.7684076787167728 0.5314631058842746 8 12
0.7313739432724974 0.5335358344963468 0.7491116272606356 0.5581485564947527 8 13
0.7350082958046931 0.5162958706181758 0.7633255910904652 0.5565355874065907 8 14
0.7621869321324168 0.49552581889828423 0.7917733706549144 0.5282167503777206 8 15
0.6591609386110453 0.5955997044577621 0.6983900105215095 0.6396137041120503 8 16
0.689420873824761 0.5672769066579099 0.7354336648601433 0.6180530033892768 8 17
0.7118590503278818 0.5407602003119613 0.7582037996545768 0.5956960267875373 8 18
0.7074346211582524 0.5290206058615877 0.7863140968375916 0.6201559884029564 8 19
0.6880777435411235 0.560627206304901 0.7572310563198539 0.6389195148842337 8 20
0.6385399383740222 0.6180937525654708 0.6519762571218708 0.6379394830331986 9 10
0.680967053804219 0.570560709301371 0.7017648343358546 0.5905304422393728 9 11
0.7423560085328277 0.5199901485920696 0.7561987572707601 0.5398954632692229 9 12
0.7640831160622581 0.4940481077087267 0.7785718539693883 0.517211809383805 9 13
0.6902899581259382 0.5559477875379689 0.7221130367458758 0.5935726244436278 9 14
0.8213636722762108 0.4213118791560627 0.8418398745359618 0.45154967536444934 9 15
0.6007742751046852 0.6437074131844676 0.6385960732932325 0.6850830985340357 9 16
0.6977956861815596 0.558903209917084 0.736307148670915 0.6013107926007595 9 17
0.7098838587342973 0.5465889500041048 0.7520100053600143 0.593307199150639 9 18
0.6769376629533065 0.5566866431327477 0.7560796458420186 0.6487402507248152 9 19
0.7165995101524848 0.52967736639028 0.7780358525400513 0.5997386581730573 9 20
0.6938453029943904 0.5704786142352845 0.70517936195978 0.5890399771325902 10 10
0.6834162913802639 0.5781955504474181 0.7012883886208882 0.5966964759688023 10 11
0.7627399857786206 0.4954437238321977 0.7780557044448415 0.5193556290579444 10 12
0.7696136525242948 0.48427879484442987 0.7893315863657118 0.5114745395892033 10 13
0.6741723947222881 0.5786060257778507 0.7073432195819189 0.6159296010453673 10 14
0.8257881014458403 0.4109679008291602 0.8549421316975364 0.44671076809996324 10 15
0.6019593900608359 0.6400952302766604 0.6495940285470391 0.691698313528523 10 16
0.7266334834478945 0.5348493555537313 0.7666210072856491 0.5796888398872964 10 17
0.6733823180848543 0.5723668007552746 0.7306692077104798 0.6342439462615869 10 18
0.633957493876906 0.6032345456038092 0.7159589462608937 0.6981093552207114 10 19
0.686734613257486 0.5609555865692472 0.7548488277450222 0.638061987014578 10 20
0.7237101998893892 0.5248337574911748 0.7330315843805213 0.5454489770917554 11 10
0.6973216401990993 0.560463016172728 0.7161177614992158 0.5820572501939646 11 11
0.7617128861499566 0.4969214350217552 0.7734500625335001 0.5148229817469068 11 12
0.8106186300071107 0.43190214268122484 0.8288964326127092 0.46202376577238763 11 13
0.6983487398277632 0.55143255890321 0.7280090524685844 0.5877332679978766 11 14
0.8180453503989887 0.4270585337821197 0.8406686121533361 0.45865490628445427 11 15
0.4977482815833136 0.7144733601510549 0.5331229031425565 0.7504798072604026 11 16
0.7271075294303547 0.534192595025039 0.7594743215611538 0.5742374127159132 11 17
0.6583708619736114 0.583778014941302 0.7175272467393247 0.6476785495528604 11 18
0.5632456348265782 0.669567359001724 0.6303178289956921 0.7424557964800522 11 19
0.6827052224065734 0.5523356046301617 0.7501240744049391 0.6306709134713545 11 20
0.7515999051908036 0.4987275264756588 0.7599309153713298 0.5197027236718527 12 10
0.6899739274709646 0.5676873819883425 0.7113731562543426 0.5903466862673037 12 11
0.7482815833135814 0.5105492159921189 0.762412403470113 0.5322593817632406 12 12
0.7976613731531959 0.44265659633856 0.8227423421277271 0.48007268569561845 12 13
0.7189697400647863 0.5355061160824235 0.7506799277390666 0.5759933031156846 12 14
0.753970135103105 0.5051309416304081 0.7852817977884978 0.5397729592878435 12 15
0.5938216006952675 0.6483868319513997 0.6368292537668989 0.6930866919841562 12 16
0.7045903452634905 0.5537312207536327 0.7457368034462907 0.6026991710563927 12 17
0.6526033025203445 0.5928084722108201 0.714251682448931 0.6596839397280412 12 18
0.609386110452714 0.6238404071915278 0.6893176900323587 0.7118298011352036 12 19
0.7022201153511891 0.5410064855102208 0.770591388243702 0.6214014455469803 12 20
0.7303468436438334 0.5192512929972909 0.7400393067714848 0.5393237780227857 13 10
0.6323773406020384 0.6109514818159428 0.659043535227205 0.6362448446241169 13 11
0.7102788970530142 0.546014284541499 0.7234629662716138 0.5646208501776308 13 12
0.7927628980011061 0.44733601510549215 0.815754471641554 0.48282902527665483 13 13
0.7653472386821522 0.4856744109679008 0.7919520377980267 0.519008534444036 13 14
0.7554712807142293 0.49790657581479353 0.7784130387310663 0.5300543100984115 13 15
0.5604803665955598 0.6616041375913307 0.5938300279911858 0.7018457266527829 13 16
0.7318479892549578 0.5272966094737707 0.7621741806126298 0.5682755522887827 13 17
0.6633483447894446 0.5819719234873985 0.7203660691243324 0.6487402507248152 13 18
0.5510784546100972 0.6740825876364831 0.617255275643698 0.7463350892237332 13 19
0.7376945563719681 0.49651095969132253 0.8002302820955671 0.5712973171628077 13 20
0.7414869242316505 0.5136688285034069 0.7514541520258868 0.5359957531953122 14 10
0.6973216401990993 0.5601346359083819 0.7208028110297183 0.5837927232635061 14 11
0.693529272339417 0.5609555865692472 0.7122863438746948 0.5837110539425865 14 12
0.7893655684601406 0.45497085625153927 0.8149603954499435 0.491098044019764 14 13
0.7271865370940981 0.5272966094737707 0.7584817263216406 0.5665809138797011 14 14
0.7239472228806194 0.5350956407519908 0.750858594882179 0.5713177344930377 14 15
0.5869479339495931 0.6465807404974961 0.6183074265975821 0.688064028747601 14 16
0.7497827289247057 0.5090715048025614 0.7836539415956961 0.5551063742904978 14 17
0.6460456664296437 0.5972416057794927 0.7130208643519346 0.6681775491036792 14 18
0.6384609307102789 0.5994581725638289 0.714708276259107 0.6828984441994365 14 19
0.7642411313897448 0.4733601510549216 0.8310999940444286 0.5505737269794602 14 20
0.8051671012088173 0.42081930875954354 0.8128362416373851 0.4444444444444444 15 10
0.7160464565062811 0.5343567851572121 0.736088777718222 0.5579443831924538 15 11
0.652919333175318 0.5978983663081848 0.671192900958847 0.6175017354730695 15 12
0.8524926917911038 0.33585091535998685 0.8763226331566514 0.37039078770060024 15 13
0.7098838587342973 0.5448649536162876 0.7405554562960316 0.5833435419984483 15 14
0.7218930236232914 0.5350135456859043 0.7488932563079428 0.5678876230144146 15 15
0.5916093861104527 0.6410803710696987 0.6213844718400731 0.6819592470088611 15 16
0.7415659318953939 0.5161316804860028 0.7736882853909832 0.5567601780391196 15 17
0.5935055700402939 0.638945899351449 0.6575546423679351 0.7065212952754298 15 18
0.632298332938295 0.5900172399638782 0.7137950886387548 0.6778553636326514 15 19
0.736035395433357 0.5004515228634759 0.7968554582812221 0.5726040262975214 15 20
0.8167022201153512 0.4066989573926607 0.824608421178012 0.43286781820409165 16 10
0.6984277474915067 0.5554552171414499 0.7211601453159431 0.5807505410592511 16 11
0.6346685628505965 0.6197356538872014 0.6529490004565938 0.6388990975540039 16 12
0.7744331200126412 0.4704868237418931 0.8046572568637961 0.5108620196823064 16 13
0.7408548629217034 0.5144076840981857 0.772020725388601 0.5518804361141737 16 14
0.7114640120091649 0.5513504638371234 0.7392253786750839 0.5860590469190249 16 15
0.5856838113296989 0.6483868319513997 0.616957497071844 0.6893707378823145 16 16
0.7649522003634353 0.48805516788441017 0.8041609592440395 0.5358732492139328 16 17
0.6367227621079244 0.6062720630490107 0.7013082405256784 0.6755686226469027 16 18
0.6074109188591293 0.6146457597898366 0.6961467452802096 0.710318918698191 16 19
0.7372995180532511 0.5014366636565143 0.8072181525817402 0.5840785658867247 16 20
0.8558900213320693 0.3481651752729661 0.8646894169495563 0.3716158275143942 17 10
0.6374338310816149 0.6067646334455299 0.6629742123756774 0.6330597411082527 17 11
0.6511811645729636 0.599622362696002 0.6698032676235285 0.6208297603005432 17 12
0.8474362013115272 0.3383137673425827 0.8745558136303179 0.3743517497652007 17 13
0.7609228095125227 0.48748050242180446 0.7907807754154011 0.5210298501367961 17 14
0.6612941455321166 0.5946145636647238 0.6909058424155797 0.6254644942627302 17 15
0.576202891680493 0.6519169197931204 0.6113195561114089 0.6975989219649639 17 16
0.7893655684601406 0.4589114194236926 0.8213725606971989 0.4982441096002287 17 17
0.6101761870901478 0.6281093506280273 0.6707958628630417 0.696149291518641 17 18
0.5163150825630086 0.6752319185616944 0.6055029480078613 0.7615868349054677 17 19
0.7963972505333017 0.4247598719316969 0.8579596212256566 0.49908122013965456 17 20
0.8050090858813305 0.42574501272473525 0.8159529906894567 0.44914043039732127 18 10
0.6263727581575412 0.622773171332403 0.6518571456931292 0.6464126750786067 18 11
0.6906059887809117 0.566209670798785 0.7090901872034622 0.5890195598023602 18 12
0.8081693924310658 0.4168787455873902 0.8349909673833205 0.45326473110376087 18 13
0.7197598167022201 0.5325506937033084 0.7547297163162805 0.5706847972559108 18 14
0.6884727818598404 0.5732698464822265 0.7161376134040062 0.6085385275021438 18 15
0.6464407047483606 0.6020031196125113 0.6891787266988267 0.65382416595206 18 16
0.7579995259540175 0.49905590674000494 0.7946320449447124 0.5467761035566989 18 17
0.623844512917753 0.6196535588211148 0.6857641990749013 0.6861039650455306 18 18
0.5867899186221064 0.6256464986454314 0.6829650804994739 0.7265711135611908 18 19
0.7381686023544284 0.49790657581479353 0.8096599368709427 0.5809342970313202 18 20
0.8818835427036422 0.27756341843855187 0.8937129017529232 0.2960717056637674 19 10
0.6424113138974481 0.6057794926524915 0.6663490361900224 0.6315896933316999 19 11
0.7080666824681994 0.5477382809293162 0.7229269648422766 0.5691126628282086 19 12
0.7993995417555503 0.4238568262047451 0.826256129275604 0.4595736861447997 19 13
0.7185747017460694 0.52967736639028 0.7521886725031267 0.5676426150516558 19 14
0.6575807853361776 0.6003612182907807 0.6873324995533321 0.6334476703826207 19 15
0.6229754286165758 0.6251539282489122 0.6595199809421713 0.6724243537914982 19 16
0.7278185984040452 0.528281750266809 0.7629087010898695 0.5726244436277512 19 17
0.6117563403650154 0.6346769559149495 0.6612470966589244 0.6887378006451876 19 18
0.5560559374259303 0.6344306707166899 0.6504675123578108 0.7297766344072849 19 19
0.7032472149798531 0.5215499548477136 0.7762094772993469 0.6053942586467393 19 20
0.8328987911827447 0.3709876036450209 0.8491056716891986 0.39448323737188123 20 10
0.681362092122936 0.5800837369674082 0.7011692771921466 0.6022704071215648 20 11
0.6913170577546022 0.5641572941466217 0.7099438191094436 0.5886928825186819 20 12
0.7454373074188196 0.5048846564321484 0.7737279892005638 0.5458164890358936 20 13
0.6839693450264676 0.5659633856005254 0.7209814781728306 0.6073951570092695 20 14
0.6504700955992732 0.6020031196125113 0.687392055267703 0.6413083425211319 20 15
0.6182349687919728 0.6301617272801905 0.6571973080817104 0.6786312221813876 20 16
0.7289247056964525 0.5241769969624825 0.7703928691957993 0.57489076728327 20 17
0.6289800110610729 0.6157129956489615 0.687014869076688 0.678753726162767 20 18
0.6135735166311133 0.5949429439290699 0.7106584876818931 0.6900036751194414 20 19
0.7200758473571937 0.5264756588129054 0.7917535187501241 0.6085997794928335 20 20
0.8276842853756814 0.3778835891962893 0.8439441764437298 0.40105761770590875 21 10
0.6544994864501856 0.5979804613742714 0.6781410676354396 0.62146269753767 21 11
0.7034842379710832 0.5485592315901814 0.7191948067417069 0.5741557433949936 21 12
0.7167575254799715 0.5244232821607422 0.7481785877354932 0.5631916370615379 21 13
0.6677727739590741 0.5666201461292176 0.7079983324399977 0.6139287026828372 21 14
0.6525242948566011 0.5958459896560216 0.6855259762174181 0.6334068357221609 21 15
0.5978509915461799 0.6518348247270339 0.6304170885196435 0.691085793621626 21 16
0.6970846172078692 0.5512683687710369 0.7351954420026602 0.5993711462289191 21 17
0.6132574859761397 0.6274525900993351 0.6646020685684791 0.682571766915758 21 18
0.6274788654499487 0.5735982267465726 0.7145891648303655 0.6599697823512598 21 19
0.6779647625819705 0.5647319596092275 0.7480991801163321 0.642512965004696 21 20
0.7831239630244133 0.4597323700845579 0.7903837373195958 0.4809506308955041 22 10
0.6866556055937426 0.5699860438387653 0.7100629305381851 0.5957981134386867 22 11
0.6856285059650786 0.570560709301371 0.7043058781490084 0.5980236024337457 22 12
0.7271865370940981 0.5162137755520894 0.7595735810851051 0.5591490056760178 22 13
0.673540333412341 0.5744191774074379 0.7111944891112302 0.619033035240312 22 14
0.6608991072133997 0.5906740004925704 0.6980326762352848 0.6307934174527339 22 15
0.6099391640989176 0.6413266562679583 0.6425068985369147 0.6804279472416187 22 16
0.7129651576202891 0.5439619078893358 0.7555436444126814 0.5932255298297194 22 17
0.6255826815201074 0.6163697561776538 0.6876104262203958 0.6816938217158725 22 18
0.6376708540728451 0.5729414662178803 0.7356718877176265 0.6717301645636816 22 19
0.6958995022517184 0.551596749035383 0.7640998153772854 0.6282004165135366 22 20
0.8331358141739749 0.37000246285198257 0.8484505588311199 0.3935644575115358 23 10
0.6616891838508335 0.5896067646334455 0.6855855319317888 0.6153374984687002 23 11
0.7101208817255273 0.5411706756423939 0.7267186786572172 0.5683776389399322 23 12
0.6791498775381212 0.5557835974057959 0.7128819010184028 0.5988607129731717 23 13
0.6962155329066919 0.5568508332649208 0.7293391300895321 0.5968393972804116 23 14
0.6699059808801454 0.5781955504474181 0.7060329938657615 0.6181755073706562 23 15
0.6237655052540096 0.631475248337575 0.6508844023584063 0.6673812732247132 23 16
0.741802954886624 0.5145718742303588 0.7766660711095229 0.5541875944301523 23 17
0.5691712096073319 0.6649700353008784 0.6288090842316321 0.7263056882682021 23 18
0.5791261752389982 0.6225268861341433 0.6671232604768428 0.714974069990608 23 19
0.6558426167338232 0.5873901978491093 0.7220336291267148 0.6602556249744783 23 20
0.7813857944220589 0.4621131270010672 0.788974252079487 0.4839111437788395 24 10
0.6602670459034526 0.5946145636647238 0.6825481904988784 0.6211972722446812 24 11
0.697874693845303 0.5521714144979887 0.7174279872153733 0.5830985340356895 24 12
0.6482578810144584 0.5993760774977424 0.6833819705000694 0.6415125158234309 24 13
0.7010350003950383 0.55143255890321 0.7375379667679114 0.5908571195230512 24 14
0.7179426404361223 0.5382973483293654 0.7514938558354675 0.579545918575687 24 15
0.6108082484000948 0.6400952302766604 0.6436186052051694 0.6792845767487443 24 16
0.7373785257169946 0.5216320499138002 0.7725765787227284 0.5669280084936094 24 17
0.6212372600142214 0.6217880305393646 0.6849899747880809 0.6888398872963372 24 18
0.606304811566722 0.6150562351202693 0.7040080995771544 0.7149536526603781 24 19
0.697874693845303 0.5489697069206141 0.770750203482024 0.6303442361876761 24 20
0.761396855494983 0.48165175272966093 0.7703531653862188 0.5028788435624157 25 10
0.5814173974875563 0.6566784336261391 0.6069322851527604 0.6831230348319653 25 11
0.7053804219009244 0.5451933338806337 0.7237607448434678 0.5735023888276369 25 12
0.6648494904005688 0.578031360315245 0.6970996367101423 0.6152762464780105 25 13
0.6965315635616655 0.5495443723832197 0.7298552796140789 0.5924496712809832 25 14
0.6940033183218772 0.5571792135292669 0.7305103924721577 0.6007595246845523 25 15
0.5825235047799636 0.6656267958295706 0.6087586603934647 0.6992323083833558 25 16
0.7032472149798531 0.5485592315901814 0.7373195958152184 0.5928376005553514 25 17
0.5697242632535356 0.6648058451687053 0.6309133861394001 0.7284290906121116 25 18
0.5167891285454689 0.6685822182086857 0.6131856351616938 0.7665278288211034 25 19
0.6738563640673145 0.5715458500944093 0.7403172334385484 0.6440850994323982 25 20
0.7805167101208818 0.46359083819062474 0.787922101125603 0.48536077422516233 26 10
0.6583708619736114 0.5946145636647238 0.682746709546781 0.6214218628772101 26 11
0.7196018013747334 0.5404318200476151 0.7370218172433645 0.5669892604842991 26 12
0.7105159200442442 0.5361628766111157 0.7427391658229607 0.5747274286414309 26 13
0.672513233783677 0.5738445119448321 0.7115121195878744 0.6191759565519213 26 14
0.7098048510705538 0.5478203759954027 0.7455779882079685 0.58705949610029 26 15
0.6249506202101603 0.6261390690419506 0.6574553828439839 0.6689534076524154 26 16
0.7091727897606068 0.5426483868319514 0.7491513310702161 0.5925721752623627 26 17
0.6204471833767875 0.6240045973237008 0.6814761876402041 0.6909837069704765 26 18
0.5630876194990914 0.645020934241852 0.6630337680900482 0.7425374658009719 26 19
0.6871296515762029 0.5592315901814301 0.7586206896551724 0.63765364040998 26 20
0.81480603618551 0.4166324603891306 0.8238143449864015 0.44123892359835026 27 10
0.5744647230781386 0.660865281996552 0.6002024894288607 0.6885336273428887 27 11
0.7500987595796792 0.4995484771365241 0.7674547872868401 0.521866960676222 27 12
0.753338073793158 0.4733601510549216 0.7852023901693368 0.509330719915064 27 13
0.6884727818598404 0.5511041786388639 0.727234828181764 0.5966964759688023 27 14
0.6706170498538359 0.5800016419013218 0.7055962519603756 0.6202784923843359 27 15
0.6066998498854389 0.6451030293079386 0.6370873285291724 0.6839601453713913 27 16
0.7379315793631982 0.5113701666529842 0.7693010144323348 0.5522887827187717 27 17
0.6213162676779648 0.6259748789097775 0.6765727671570088 0.690677447017028 27 18
0.4728608675041479 0.6937033084311632 0.5699283346237072 0.7862101351627261 27 19
0.6864975902662558 0.5575896888596995 0.7533003791713815 0.6304871574992854 27 20
0.7685075452318875 0.48362203431573764 0.7755345125364779 0.5032463555065539 28 10
0.5899502251718417 0.6543797717757163 0.6156472713556865 0.6833067908040344 28 11
0.7215769929683179 0.5382973483293654 0.7393246381990352 0.5642329209032627 28 12
0.774591135340128 0.4530005746654626 0.8068409663907252 0.4912613826616032 28 13
0.6982697321640199 0.5524997947623348 0.7324558791416036 0.5944097349830536 28 14
0.6470727660583077 0.6038913061325014 0.6860818295515455 0.6464739270692964 28 15
0.6426483368886782 0.615630900582875 0.675619875727076 0.6583568132630977 28 16
0.7646361697084617 0.48961497414005417 0.7982450916165406 0.5312589325819755 28 17
0.6424903215611915 0.6008537886872999 0.7090306314890914 0.6788353954836865 28 18
0.5212925653788417 0.6777768656103769 0.6177118694538741 0.7708971374903018 28 19
0.6776487319269969 0.567605286922256 0.7554840886983106 0.6524153701661971 28 20
0.753338073793158 0.4983170511452262 0.7610227701347945 0.5168442974396668 29 10
0.6049616812830845 0.6396847549462278 0.6295634566136621 0.6698109355220712 29 11
0.7294777593426562 0.5256547081520401 0.7500049629761976 0.547368206133366 29 12
0.753338073793158 0.4747557671783926 0.7851229825501757 0.5134958552819633 29 13
0.6610571225408864 0.5789344060421968 0.6977746014730113 0.6249948956674425 29 14
0.6598720075847357 0.5910023807569165 0.6949556309927938 0.6324268038711258 29 15
0.6507071185905032 0.6086528199655201 0.6788557362078892 0.6462901710972273 29 16
0.7476495220036343 0.5071833182825712 0.7770829611101185 0.5455306464126751 29 17
0.6247926048826736 0.614235284459404 0.6844539733587438 0.6801012699579403 29 18
0.4149482499802481 0.7482965273787046 0.502928155956564 0.8331087427008045 29 19
0.6654815517105159 0.566045480666612 0.7439898358247474 0.6502919678222876 29 20
0.7230781385794423 0.5367375420737214 0.733309511047585 0.5572093593041774 30 10
0.6633483447894446 0.5932189475412528 0.6869156095527366 0.619645555147209 30 11
0.7192857707197599 0.5447828585502011 0.7387290810553273 0.5684593082608518 30 12
0.7741960970214111 0.46145636647237503 0.8058880749607925 0.5001429213116093 30 13
0.7024571383424192 0.5489697069206141 0.7360292220038512 0.5910408754951203 30 14
0.6727502567749072 0.5807404974961005 0.7143906457824628 0.6261995181510066 30 15
0.6571857470174607 0.6050406370577128 0.6879082047922498 0.6434521621952713 30 16
0.7469384530299439 0.5154749199573105 0.7802592658765608 0.5542080117603823 30 17
0.6415422295962708 0.6001149330925212 0.7107378953010541 0.6759361345910408 30 18
0.5307734850280478 0.6707166899269353 0.6287495285172612 0.7661194822165054 30 19
0.6829422453978036 0.561694442164026 0.7616381791832927 0.6483319041202172 30 20
0.7304258513075769 0.5259009933502996 0.7439699839199572 0.5472048674915269 31 10
0.6287429880698427 0.6131680486002791 0.6578722728445794 0.6431663195720527 31 11
0.7342182191672593 0.5171989163451277 0.7556032001270522 0.5429784801339377 31 12
0.7489136446235285 0.48395041458008375 0.7821054930220555 0.5226428192249581 31 13
0.6993758394564272 0.5495443723832197 0.7297560200901276 0.5894891583976479 31 14
0.5867899186221064 0.6468270256957557 0.6319258332837036 0.6902691004124301 31 15
0.6672197203128704 0.594039898202118 0.6964643757568538 0.6333047490710114 31 16
0.7471754760211741 0.5137509235694935 0.7767653306334743 0.5510841602352077 31 17
0.591451370782966 0.6356620967079879 0.6587060528457706 0.7093593041773858 31 18
0.4577704037291617 0.7178392578606025 0.5505131717388283 0.8064028747600964 31 19
0.6401200916488899 0.5933010426073393 0.7175272467393247 0.6805504512229981 31 20
0.7497037212609623 0.5063623676217059 0.7609632144204237 0.5285842623218588 32 10
0.6906849964446551 0.5671127165257368 0.7125444186369683 0.5929601045367308 32 11
0.7252903531642569 0.5275428946720302 0.7482579953546543 0.5548409489975091 32 12
0.7423560085328277 0.5042278959034562 0.7761896253945566 0.5450610478173874 32 13
0.7083827131231729 0.5445365733519415 0.7399996029619041 0.5857527869655764 32 14
0.6402781069763767 0.6081602495690009 0.6816747066881067 0.6552533790681531 32 15
0.663427352453188 0.5975699860438388 0.6972386000436742 0.637041120503083 32 16
0.7508888362171131 0.5093998850669075 0.7846266849304191 0.5483482379844011 32 17
0.604250612309394 0.6331171496593054 0.669088599051079 0.703642451713014 32 18
0.49664217429090624 0.6875461784746737 0.6038552399102693 0.7880476948834171 32 19
0.6719601801374734 0.5712995648961497 0.752287932027078 0.6618073420719507 32 20
0.8099075610334202 0.426483868319514 0.8196454449804459 0.45118216342031114 33 10
0.6773327012720234 0.5640751990805353 0.7034125424334465 0.5930826085181101 33 11
0.7540491427668484 0.48312946391921846 0.7749786592023504 0.5121891461472498 33 12
0.7572884569803271 0.46383712338888433 0.7898874396998392 0.4989995508187349 33 13
0.6754365173421822 0.5707248994335441 0.7089909276795109 0.6112744497529503 33 14
0.5537647151773722 0.6728511616451851 0.5984158179977369 0.7149536526603781 33 15
0.6483368886782018 0.6082423446350874 0.6825481904988784 0.6514557556453918 33 16
0.7438571541439519 0.5177735818077334 0.7727750977706311 0.5534321532116461 33 17
0.6030654973532432 0.6339381003201707 0.6622793957080182 0.6996406549879538 33 18
0.38081693924310656 0.7647155405960102 0.47408333829630955 0.8522397811262199 33 19
0.651260172236707 0.5919054264838683 0.7218748138883926 0.6754869533259831 33 20
0.7579205182902742 0.49741400541827435 0.7676533063347428 0.5187839438115072 34 10
0.6567117010350004 0.5933831376734259 0.6815357433545749 0.6199518151006574 34 11
0.7218930236232914 0.5323865035711354 0.7446846524924067 0.5594144309690064 34 12
0.7143082879039266 0.5299236515885395 0.7496277767851826 0.5687043162236106 34 13
0.6834162913802639 0.5644035793448814 0.7205050324578643 0.6079668422557066 34 14
0.5559769297621869 0.6722764961825795 0.6020090127647748 0.7162603617950917 34 15
0.6309552026546575 0.6240045973237008 0.6692672661941913 0.6699130221732207 34 16
0.7268705064391245 0.5374763976685001 0.7625315148988545 0.5808730450406305 34 17
0.5807853361776092 0.6522453000574665 0.6475691342584321 0.7238760259708441 34 18
0.4091016828632377 0.7543715622691076 0.5082683183451452 0.8429703132018457 34 19
0.6872086592399462 0.5635826286840161 0.7619756615647272 0.6507615664175752 34 20
0.8147270285217666 0.42090140382563007 0.8233378992714351 0.4436685858957083 35 10
0.598483052856127 0.6422297019949101 0.6241438866059198 0.6681775491036792 35 11
0.7623449474599037 0.47262129546014287 0.7812518611160741 0.4997549920372412 35 12
0.6548155171051592 0.5802479270995813 0.687689833839557 0.6173588141614602 35 13
0.7086987437781465 0.5350956407519908 0.7413098286780616 0.5770754216178693 35 14
0.5662479260488268 0.6653805106313111 0.6068727294383897 0.7073584058148557 35 15
0.6304811566721972 0.6224447910680568 0.6666666666666666 0.6692188329454041 35 16
0.7353243264596666 0.5305804121172317 0.7612411410874873 0.5668259218424598 35 17
0.5937425930315241 0.6420655118627371 0.6561650090326167 0.7102372493772714 35 18
0.39219404282215375 0.7674246777768656 0.48174617354535165 0.8515864265588632 35 19
0.6631903294619578 0.57507593793613 0.7409127905822563 0.6634611458205725 35 20
0.7578415106265308 0.49716772022001476 0.7677724177634844 0.5184164318673691 36 10
0.5892391561981513 0.6520811099252934 0.6154686042125742 0.6775082690187431 36 11
0.7423560085328277 0.500615712995649 0.7640005558533342 0.5253787414757646 36 12
0.6637433831081615 0.5731877514161399 0.6991245309987494 0.6144799705990445 36 13
0.7207869163308841 0.5258188982842131 0.7542731225061045 0.5687859855445302 36 14
0.6500750572805563 0.6021673097446844 0.687689833839557 0.6475968802319408 36 15
0.6568697163624871 0.6019210245464247 0.696543783376015 0.6496386132549308 36 16
0.7536541044481315 0.5144076840981857 0.7806166001627857 0.5483278206541713 36 17
0.578889152247768 0.6567605286922256 0.6451472018740199 0.7290416105190085 36 18
0.4963261436359327 0.6952631146868073 0.6032199789569809 0.7950100044918127 36 19
0.6794659081930947 0.5695755685083327 0.755067198697715 0.6557842296541304 36 20
0.7425140238603144 0.5128478778425417 0.75393564012467 0.532586059046919 37 10
0.5977719838824366 0.6404236105410065 0.623925515653227 0.6670545959410348 37 11
0.7749071659951016 0.4531647647976357 0.7917138149405435 0.4780105353423986 37 12
0.600537252113455 0.6024956900090305 0.6385166656740714 0.644738453999755 37 13
0.6967685865528956 0.5480666611936622 0.7312449129493975 0.5909183715137408 37 14
0.6259777198388243 0.6196535588211148 0.662041172850535 0.6566621748540161 37 15
0.6191830607568934 0.6323782940645267 0.6538026323625752 0.6756911266282821 37 16
0.7337441731847989 0.532468598637222 0.7599507672761201 0.5693780881211973 37 17
0.499486450185668 0.7095476561858632 0.5745538284398388 0.7811466372657111 37 18
0.44631429248637117 0.7244068631475248 0.5400909217239395 0.8179590836702193 37 19
0.7045903452634905 0.5400213447171825 0.7760705139658151 0.6231369186165217 37 20
0.7541281504305918 0.5005336179295624 0.7647549282353642 0.5208665114949569 38 10
0.6417002449237577 0.6071751087759626 0.666765926190618 0.6295275429784801 38 11
0.7964762581970452 0.4345291847959938 0.8113672006829056 0.4575319531218098 38 12
0.686734613257486 0.5392003940563173 0.7230659281758085 0.5838539752541958 38 13
0.7337441731847989 0.5135867334373204 0.7642387787108174 0.5566376740577402 38 14
0.6334834478944458 0.6167802315080864 0.671192900958847 0.6552942137286129 38 15
0.637038792762898 0.6162055660454807 0.6741905385821769 0.6638286577647107 38 16
0.7361934107608438 0.5304983170511453 0.7684275306215631 0.569030993507289 38 17
0.49553606699849884 0.7152943108119202 0.5724098227224902 0.7871084976928416 38 18
0.5115746227384056 0.6802397175929726 0.6064955432473745 0.7775736044754787 38 19
0.681362092122936 0.5653887201379197 0.7573700196533858 0.6540283392543591 38 20
0.8107766453345975 0.42517034726212954 0.8198638159331388 0.446955776062722 39 10
0.6272418424587185 0.6043017814629341 0.6515593671212753 0.6289762750622728 39 11
0.8293434463142925 0.38092110664149087 0.8443015107299545 0.4044264771938421 39 12
0.7309789049537805 0.4718824398653641 0.7689238282413198 0.5153129976724243 39 13
0.748202575649838 0.49634676955914947 0.7802394139717705 0.5395892033157744 39 14
0.5500513549814332 0.6769559149495116 0.584916522740357 0.7112581158887664 39 15
0.6521292565378842 0.6028240702733766 0.6870744247910587 0.6497202825758503 39 16
0.7369044797345342 0.5242590920285691 0.7704127211005896 0.5666625832006207 39 17
0.4818677411708936 0.725063623676217 0.5591487503225935 0.7968883988729634 39 18
0.42363909299202024 0.7372136934570233 0.515156929307367 0.8311282616685042 39 19
0.6972426325353559 0.5418274361710861 0.7744823615825939 0.6324268038711258 39 20
0.8150430591767401 0.4190953123717265 0.8249459035594465 0.4428518926865123 40 10
0.6959785099154618 0.5528281750266809 0.7179639886447104 0.5776879415247662 40 11
0.8025598483052856 0.42574501272473525 0.8155162487840708 0.4499571236065172 40 12
0.7686655605593743 0.4459403989820212 0.8108709030631489 0.4930581077218343 40 13
0.7673224302757368 0.48115918233314176 0.7979076092351061 0.5208052595042673 40 14
0.6221063443153986 0.6240045973237008 0.6619816171361642 0.6641757523786189 40 15
0.6586078849648416 0.5969132255151466 0.7005538681436484 0.6470456123157335 40 16
0.7214979853045745 0.5432230522945571 0.7580251325114645 0.588652047858222 40 17
0.5071501935687762 0.7056891880797964 0.5827725170230084 0.782780023684103 40 18
0.4927707987674804 0.6933749281668172 0.5941278065630398 0.7932541140920413 40 19
0.7214979853045745 0.5217962400459732 0.8010045063823874 0.6158479317244477 40 20
0.8145690131942799 0.41925950250389954 0.8228217497468883 0.4426885540446731 41 10
0.7186537094098128 0.5258188982842131 0.7390864153415521 0.5489199232308384 41 11
0.785099154617998 0.44199983580986785 0.798721537331507 0.4669239250275634 41 12
0.7585525796002213 0.4553813315819719 0.7986024259027654 0.499591653395402 41 13
0.7606857865212926 0.48526393563746817 0.7916344073213825 0.5277879864428927 41 14
0.5379631824286956 0.6831951399720877 0.5763802036805431 0.7208338437665891 41 15
0.6041716046456507 0.6381249486905837 0.6434597899668473 0.6839601453713913 41 16
0.7272655447578416 0.5358344963467696 0.7593552101324123 0.5785046347339622 41 17
0.45295093624081534 0.7427140628848207 0.5362595040994184 0.8243701253624076 41 18
0.4334360432961997 0.7331910352187834 0.5257181426557879 0.8270447956225244 41 19
0.6715651418187564 0.5617765372301124 0.7545907529827487 0.6589489158397648 41 20
0.8199415343288299 0.4122814218865446 0.8285589502312747 0.43662460696639305 42 10
0.7073556134945089 0.539939249651096 0.7302721696146746 0.5647229368287803 42 11
0.7773564035711464 0.4710614892044988 0.7932225597046036 0.4947119114704561 42 12
0.7531010508019278 0.490518019867006 0.7868500982669288 0.5313610192331251 42 13
0.7359563877696137 0.5190871028651178 0.7642983344251881 0.5607823920944097 42 14
0.6195780990756103 0.6231836466628355 0.6629543604708872 0.6671975172526441 42 15
0.6065418345579521 0.639110089483622 0.6485418775931551 0.685613949120013 42 16
0.7249743225092834 0.5417453411049996 0.7602088420383936 0.5855894483237372 42 17
0.5511574622738405 0.6762991544208193 0.6252158894645942 0.7564212503573032 42 18
0.45192383661215135 0.7237501026188327 0.5482103507831576 0.821246273837233 42 19
0.7037212609623134 0.5379689680650193 0.7855795763603518 0.6365306872473355 42 20
0.8901793473966975 0.29562433297758806 0.898576618426538 0.31652987055412635 43 10
0.6662716283479497 0.5708069944996306 0.6909455462251604 0.5972477438850096 43 11
0.7585525796002213 0.4878088826861506 0.7752962896789947 0.5149046510678263 43 12
0.7489926522872719 0.48115918233314176 0.7854406130268199 0.524500796275879 43 13
0.7118590503278818 0.5435514325589033 0.7379151529589264 0.5816284862591368 43 14
0.5446788338468831 0.6800755274607996 0.5832886665475553 0.7211401037200376 43 15
0.6206051987042743 0.6269600197028159 0.6596787961804935 0.6729143697170158 43 16
0.7403018092754997 0.5265577538789918 0.7689833839556905 0.5622524398709625 43 17
0.44979062969108 0.7431245382152533 0.5324479383796875 0.8254522438645923 43 18
0.35845777040372917 0.7928741482636894 0.4386476882456872 0.8735146392257749 43 19
0.7045113375997472 0.5229455709711847 0.7848053520735314 0.6162766956592756 43 20
0.8104606146796239 0.4232000656760529 0.8209556706966034 0.44826248519743556 44 10
0.7141502725764399 0.5387078236597981 0.7365255196236079 0.563763322307975 44 11
0.7410128782491902 0.5101387406616862 0.7595338772755246 0.5350565560047368 44 12
0.7229201232519554 0.5249158525572613 0.7579060210827229 0.5657029686798154 44 13
0.7081456901319428 0.5493801822510467 0.7356917396224167 0.5867940708073013 44 14
0.5916093861104527 0.6480584516870536 0.6345264328112282 0.6921883294540406 44 15
0.645097574464723 0.6064362531811838 0.688523613840748 0.657703458695741 44 16
0.7518369281820336 0.5167063459486085 0.7784527425406468 0.552227530728082 44 17
0.5540807458323458 0.6713734504556276 0.6281936751831338 0.7515619257625873 44 18
0.35039898870190406 0.8015762252688613 0.43013122109066365 0.8806198701457797 44 19
0.7027731689973927 0.537148017404154 0.7837730530244377 0.636428600596186 44 20
0.8765110215690922 0.3147524833757491 0.8869632541242333 0.3370288701049451 45 10
0.7304258513075769 0.5170347262129547 0.7524467472654001 0.5423659602270408 45 11
0.7226831002607252 0.5187587226007717 0.7441486510630695 0.5466127649148598 45 12
0.7226040925969819 0.5261472785485592 0.7559009786989062 0.562538282494181 45 13
0.6861815596112822 0.5647319596092275 0.7144502014968336 0.6041283841724856 45 14
0.5870269416133365 0.6519169197931204 0.6278760447064896 0.696965984727837 45 15
0.5963498459350557 0.6423117970609966 0.6366902904333671 0.689676997835763 45 16
0.7350873034684364 0.5321402183728758 0.7633255910904652 0.569643513414186 45 17
0.568776171288615 0.6572530990887447 0.6380799237686856 0.7339009351137246 45 18
0.34407837560243343 0.8029718413923324 0.4220117920314454 0.8813140593735963 45 19
0.6979537015090463 0.5410885805763074 0.7733508030095487 0.6336518436849198 45 20
0.8663980406099392 0.33199244725392 0.8776130069680186 0.3551390420188656 46 10
0.7177846251086355 0.5297594614563664 0.7424413872511068 0.5572297766344073 46 11
0.7014300387137552 0.550365323044085 0.7254878605602207 0.5774225162317775 46 12
0.7060124832108714 0.5488876118545275 0.7397415281996308 0.5838743925844256 46 13
0.7130441652840326 0.5401855348493556 0.7436722053481032 0.5806484544081016 46 14
0.5714624318558901 0.6632460389130613 0.6176523137395034 0.7113602025399158 46 15
0.6511021569092202 0.6002791232246942 0.6956901514700335 0.6523132835150476 46 16
0.731057912617524 0.5389541088580576 0.7596728406090565 0.5771162562783291 46 17
0.6153116852334677 0.6232657417289221 0.6833621185952792 0.6984972844950794 46 18
0.364620368175713 0.788933585091536 0.45139261112103707 0.8731062926211769 46 19
0.7047483605909773 0.5336179295624333 0.7839120163579696 0.631365102699171 46 20
0.8637117800426641 0.33519415483129467 0.8746352212494789 0.35869165747886805 47 10
0.6647704827368255 0.5712174698300632 0.69092569432037 0.5986973743313324 47 11
0.6638223907719049 0.5798374517691487 0.6878883528874595 0.6098860712973172 47 12
0.6620052145058071 0.5804121172317543 0.6982907509975582 0.6194413818449099 47 13
0.732322035237418 0.5154749199573105 0.7620749210886785 0.5572093593041774 47 14
0.5439677648731926 0.6845086610294722 0.5828320727373791 0.7262444362775123 47 15
0.5916883937741961 0.6437895082505541 0.633752208524408 0.694127975825881 47 16
0.7350082958046931 0.5333716443641737 0.7622535882317908 0.5697456000653355 47 17
0.5418345579521213 0.6789261965355882 0.6138605999245628 0.7537874147576463 47 18
0.286244765742277 0.8433626139069041 0.3514779743116352 0.911735881416146 47 19
0.6872876669036897 0.5501190378458255 0.7634447025192067 0.6444934460369962 47 20
0.8526507071185905 0.3575240128068303 0.8636571179004625 0.3816611539875046 48 10
0.6689578889152248 0.5697397586405057 0.6928910328946062 0.5971048225734003 48 11
0.6849964446551315 0.558903209917084 0.7113533043495524 0.5917554820531667 48 12
0.680334992494272 0.5692471882439866 0.7135568657812718 0.6090693780881212 48 13
0.7159674488425377 0.5391182989902307 0.7467889544001747 0.5786679733758013 48 14
0.5306944773643043 0.6946063541581151 0.5740972346296627 0.7368818653272898 48 15
0.5769139606541834 0.6571710040226583 0.6227741051753916 0.7072359018334763 48 16
0.7254483684917437 0.5434693374928167 0.7547098644114902 0.581975580873045 48 17
0.5754918227068025 0.6552007224365816 0.6468743175907729 0.7289599411980889 48 18
0.34123409970767166 0.8046137427140628 0.41907371012248623 0.8817428233084242 48 19
0.7196018013747334 0.5214678597816271 0.7981855359021698 0.6180325860590469 48 20
0.8517026151536699 0.3585091535998686 0.8621483731364025 0.38221242190371185 49 10
0.6199731373943272 0.6009358837533865 0.6418517856788358 0.626117848830087 49 11
0.7124121039740855 0.5231918561694442 0.7362674448613344 0.5547388623463596 49 12
0.6663506360116931 0.5720384204909285 0.7003354971909554 0.6123974029155947 49 13
0.683653314371494 0.566209670798785 0.7150854624501221 0.6077422516231777 49 14
0.47357193647783835 0.7330268450866103 0.5123975145415203 0.7728367838621422 49 15
0.5523425772299914 0.6703062145965027 0.5958549222797928 0.7182816774878517 49 16
0.7374575333807379 0.5297594614563664 0.764139519186866 0.5652742047449876 49 17
0.5754128150430592 0.6554470076348411 0.6449486828261172 0.7274694760913063 49 18
0.3473966974796555 0.8005089894097365 0.4220117920314454 0.8749846870023276 49 19
0.7181796634273524 0.5126836877103687 0.7905227006531277 0.6065172118093838 49 20
0.8547839140396618 0.35481487562597486 0.8651063069501519 0.3785781371227898 50 10
0.6955044639330015 0.5483129463919219 0.7183213229309352 0.5723386010045326 50 11
0.75128387453583 0.4913389705278713 0.7745022134873841 0.5201519049369104 50 12
0.7196018013747334 0.528117560134636 0.7507990391678081 0.5693576707909673 50 13
0.6684838429327645 0.5812330678926196 0.7022412800508209 0.6236269345420393 50 14
0.5381211977561824 0.687135703144241 0.5800528060667421 0.7291845318306178 50 15
0.5554238761159832 0.6691568836712913 0.6007781946677784 0.7199558985667034 50 16
0.7237892075531327 0.544454478285855 0.7534591944097037 0.5835068806402874 50 17
0.5890021332069211 0.6443641737131598 0.6574950866535644 0.718016252194863 50 18
0.3647783835031998 0.7911501518758722 0.4454370396839577 0.8711258115888766 50 19
0.725922414474204 0.5113701666529842 0.8001707263811962 0.6064355424884642 50 20
0.9068499644465513 0.24349396601264264 0.917773410358724 0.26407774919351545 51 10
0.7146243185589002 0.5236844265659634 0.7373990034343795 0.5470006941892278 51 11
0.7518369281820336 0.4924062063869961 0.7713060568161515 0.5210094328065662 51 12
0.6647704827368255 0.5728593711517938 0.6998590514759891 0.6143778839478949 51 13
0.6561586473887967 0.5896067646334455 0.6894169495563099 0.6312221813875618 51 14
0.4663032314134471 0.7406616862326574 0.5003871121434101 0.7755931234431785 51 15
0.5467330331042111 0.6746572530990887 0.5925992098941893 0.7241618685940626 51 16
0.699928893102631 0.5673590017239963 0.7320786929505886 0.6059863612234064 51 17
0.5628505965078613 0.6595517609391676 0.6364917713854644 0.7388010943689003 51 18
0.3010191988622896 0.8345784418356457 0.3687094276695849 0.9007309404222303 51 19
0.7501777672434227 0.4818980379279205 0.816647807357116 0.5706847972559108 51 20
0.8530457454373074 0.33782119694606355 0.8671312012387589 0.3618767609947323 52 10
0.7335861578573122 0.510713406124292 0.7544319377444266 0.5335456735677243 52 11
0.7395907403018093 0.5114522617190707 0.7621543287078395 0.5398546286087631 52 12
0.676226593979616 0.5726130859535342 0.7091100391082524 0.6137449467107681 52 13
0.6596349845935056 0.5887858139725802 0.6962063009945805 0.6315488586712401 52 14
0.521134550051355 0.7008455791806912 0.5593274174657058 0.7404344807872922 52 15
0.6144426009322904 0.6262211641080371 0.66166398665952 0.6812038057903549 52 16
0.7082246977956862 0.5581643543223053 0.7421039048696723 0.599391563559149 52 17
0.5969028995812594 0.6392742796157951 0.6667857780954083 0.7145044713953204 52 18
0.34542150588607096 0.8048600279123225 0.42139638298294724 0.8817019886479643 52 19
0.7491506676147587 0.4878909777522371 0.8169058821193893 0.5803830291151129 52 20
0.9220194358852809 0.20105081684590756 0.9334961189526135 0.22412103393360283 53 10
0.6829422453978036 0.5505295131762581 0.7025192067178846 0.5731757115439585 53 11
0.7427510468515446 0.4986454314095723 0.7625315148988545 0.5231124178202459 53 12
0.6952674409417714 0.5365733519415483 0.7284656462787604 0.5821593368451141 53 13
0.6586868926285849 0.5841884902717347 0.6977150457586405 0.6318959532851485 53 14
0.4711226989017935 0.7326163697561776 0.5031862307188375 0.7673241047000694 53 15
0.6297700876985067 0.6102947212872506 0.6744486133444504 0.6676058638572421 53 16
0.6940823259856206 0.5715458500944093 0.7250114148452544 0.610723181836743 53 17
0.5329856996128625 0.6800755274607996 0.6119548170646973 0.7624443627751235 53 18
0.2980169076400411 0.8390936704704047 0.362714152422925 0.9005267671199314 53 19
0.7248163071817967 0.5121090222477629 0.7901653663669029 0.5959002000898362 53 20
0.8648178873350715 0.30580412117231753 0.880491533162607 0.3304340724406877 54 10
0.7060914908746149 0.5334537394302602 0.7260834177039287 0.5543100984115317 54 11
0.7636880777435411 0.4809949922009687 0.7799614873047069 0.5048184899342562 54 12
0.6695109425614285 0.5745012724735243 0.704802175768765 0.6191147045612315 54 13
0.7043533222722604 0.5483950414580083 0.7391856748655034 0.592102576667075 54 14
0.5270601248321087 0.6896806501929234 0.5664343993806206 0.7300012250398138 54 15
0.6206842063680177 0.621541745341105 0.6694856371468842 0.6785495528604679 54 16
0.7153353875325906 0.5544700763484115 0.7440295396343279 0.5923680019600637 54 17
0.611677332701272 0.6276988752975946 0.6792329223989042 0.7004981828576096 54 18
0.34060203839772457 0.8106066825383794 0.4124828777321184 0.8850708481358978 54 19
0.7076716441494825 0.5356703062145965 0.7776388144442459 0.6239944464861774 54 20
0.9329224934818677 0.16468270256957557 0.944037480396244 0.18577728776185226 55 10
0.704274314608517 0.5276249897381168 0.7253091934171084 0.5463677569521009 55 11
0.7415659318953939 0.5029143748460717 0.7606058801341988 0.5257666707501327 55 12
0.5954017539701351 0.6310647730071423 0.633990431381891 0.6723835191310384 55 13
0.6844433910089278 0.5605451112388146 0.723105631985389 0.608497692841684 55 14
0.4705696452555898 0.7321237993596584 0.5050920135787029 0.7690187431091511 55 15
0.5568460140633641 0.6671866020852146 0.6026839775276438 0.7165053697578505 55 16
0.7196808090384768 0.5506937033084311 0.7456375439223394 0.5844460778308629 55 17
0.5818124358062732 0.6484689270174863 0.6564429356996804 0.7277553187145249 55 18
0.3368886782017856 0.8113455381331582 0.4096837591566911 0.883396627057046 55 19
0.7003239314213479 0.5411706756423939 0.7633454429952554 0.6194822165053697 55 20
0.9040056885517895 0.22855266398489452 0.9174954836916602 0.25031646861856344 56 10
0.7470964683574307 0.4953616287661112 0.7650924106167987 0.5145167217934583 56 11
0.7476495220036343 0.5055414169608407 0.7661247096658924 0.5305034913634693 56 12
0.6695109425614285 0.5757326984648222 0.7030949119568023 0.6198905631099677 56 13
0.7068025598483053 0.5474099006649701 0.740813531058305 0.5878966066397158 56 14
0.5340127992415264 0.6869715130120679 0.5733031584380521 0.7270815468169383 56 15
0.6108872560638382 0.6279451604958542 0.6631330276139996 0.6834292947854138 56 16
0.7255273761554871 0.5431409572284706 0.753419490600123 0.5784842174037322 56 17
0.5724105238208106 0.6570068138904852 0.6510035137871478 0.7394136142757973 56 18
0.35340127992415266 0.8022329857975535 0.42929744108947254 0.8778431132345135 56 19
0.7012720233862685 0.5449470486823742 0.7671768606197764 0.6266486994160644 56 20
0.902662558268152 0.2294557097118463 0.9149941436880868 0.2510310751766099 57 10
0.7202338626846804 0.5155570150233971 0.7398804915331626 0.5365674384417494 57 11
0.7604487635300624 0.4882193580165832 0.7748793996783991 0.5106782637102373 57 12
0.7012720233862685 0.5305804121172317 0.7328330653326187 0.576503736371432 57 13
0.7026941613336494 0.548805516788441 0.73668433486193 0.5926742619135121 57 14
0.46100971794264045 0.7374599786552828 0.4963373235661962 0.7727142798807628 57 15
0.547760132732875 0.6732616369756178 0.5950409941833918 0.7277553187145249 57 16
0.7173105791261752 0.5528281750266809 0.7441486510630695 0.5877945199885662 57 17
0.5795212135577151 0.6481405467531401 0.6563635280805193 0.7296337130956756 57 18
0.31034210318400884 0.8302274033330597 0.3783773053024438 0.8972599942831475 57 19
0.7039582839535435 0.5404318200476151 0.7687451610982073 0.615786679733758 57 20
0.8870190408469621 0.2562187012560545 0.9001250670001787 0.27767569112662827 58 10
0.7384846330094019 0.5087431245382152 0.7557818672701646 0.5294213728612847 58 11
0.736430433752074 0.5194975781955504 0.7568340182240486 0.5445097799011801 58 12
0.7344552421584893 0.5061981774895329 0.7675341949060013 0.5526154600024501 58 13
0.7107529430354744 0.5462605697397587 0.7431163520139757 0.5885295438768426 58 14
0.464012009164889 0.738116739183975 0.5024318583368074 0.7763281473314549 58 15
0.6158647388796713 0.6244150726541335 0.6662497766660711 0.6819184123484013 58 16
0.70901477443312 0.5607093013709876 0.7376570781966529 0.5994732328800686 58 17
0.6027494666982698 0.6373039980297184 0.6727612014372779 0.7147086446976193 58 18
0.3101050801927787 0.829652737870454 0.3821888710221746 0.9016497202825758 58 19
0.7313739432724974 0.5158033002216567 0.7985627220931848 0.5995753195312181 58 20
0.8814885043849253 0.26130859535341927 0.8948047565163878 0.2832087876189309 59 10
0.7534170814569013 0.48928659387570805 0.7708693149107657 0.5086365306872473 59 11
0.7592636485739117 0.48977916427222723 0.7743036944394814 0.5128220833843766 59 12
0.7493086829422454 0.4751662425088252 0.7815297877831378 0.5215402833925435 59 13
0.7001659160938611 0.5515146539692964 0.7342425505727275 0.5959002000898362 59 14
0.42442916962945404 0.7653723011247024 0.46034582018144643 0.8005839356445751 59 15
0.5660109030575966 0.6643132747721862 0.6154090484982034 0.7159132671811834 59 16
0.717863632772379 0.5525818898284213 0.7434736863002005 0.5871003307607497 59 17
0.5581101366832583 0.669403168869551 0.6305957556627558 0.747784719670056 59 18
0.24919017144663033 0.8633117149659305 0.3128660194945705 0.9272122177304096 59 19
0.7459903610650233 0.49798867088088006 0.8083695630595755 0.5801992731430439 59 20
0.8805404124200047 0.26212954601428456 0.8942091993726798 0.28545469394421985 60 10
0.743225092834005 0.5001231425991298 0.7606654358485697 0.5213565274204744 60 11
0.7373785257169946 0.5171168212790411 0.7580251325114645 0.5417126056596839 60 12
0.7727739590740301 0.4564485674410968 0.8056697040080996 0.5024704969578178 60 13
0.7293197440151695 0.525490518019867 0.7607249915629405 0.5699906080280942 60 14
0.455558189144347 0.7417289220917823 0.4989776269033014 0.7830046143166319 60 15
0.5859208343209291 0.6492898776783516 0.6361344370992397 0.7062354526522112 60 16
0.7265544757841511 0.5440440029554224 0.752744525837254 0.581587651598677 60 17
0.58734297226831 0.647812166488794 0.6556687114128601 0.7227939074686593 60 18
0.3150825630086118 0.8208685657991954 0.39276993627538564 0.9010780350361387 60 19
0.7670854072845066 0.4757409079714309 0.8316359954737657 0.5625995344848708 60 20
0.9358457770403729 0.13061325014366637 0.9478093423063944 0.15033280248274736 61 10
0.7159674488425377 0.5201543387242427 0.7358307029559487 0.5405488178365797 61 11
0.7443312001264123 0.5033248501765044 0.7644372977587199 0.5282780023684103 61 12
0.7478865449948645 0.4689270174862491 0.7812121573064935 0.5176609906488627 61 13
0.7190487477285297 0.5304162219850587 0.7543525301252655 0.5773816815713178 61 14
0.455558189144347 0.7395944503735326 0.49536458023147323 0.7829229449957124 61 15
0.5947696926601881 0.6414908464001313 0.6418716375836262 0.6959451182163421 61 16
0.7055384372284111 0.5640751990805353 0.7326941019990868 0.6026583363959329 61 17
0.5498933396539464 0.676873819883425 0.6142774899251583 0.7464780105353424 61 18
0.27573674646440705 0.8416386175190871 0.34772596430627517 0.9172689779084487 61 19
0.765110215690922 0.47820375995402675 0.8244297540348996 0.5577606272203847 61 20
0.9099312633325433 0.18799770133814958 0.9225775713179679 0.2105435093307199 62 10
0.7356403571146402 0.5050488465643215 0.7548488277450222 0.5279921597451918 62 11
0.7666113613020463 0.48198013299400705 0.7842296468346138 0.5070643962595451 62 12
0.7595006715651418 0.47524833757491175 0.7935798939908284 0.5210706847972559 62 13
0.7463853993837403 0.5043099909695428 0.7795445973041113 0.5501245457144024 62 14
0.4935608754049143 0.7161973565388721 0.5389792150556846 0.762546449426273 62 15
0.5807853361776092 0.6543797717757163 0.6323625751890894 0.7120339744375026 62 16
0.7124121039740855 0.5582464493883917 0.7404959005816608 0.5975131691779982 62 17
0.5738326617681915 0.6599622362696002 0.6432017152045739 0.7360039201274041 62 18
0.3474757051433989 0.7977998522288811 0.42997240585234153 0.8846625015312998 62 19
0.7794896104922178 0.4634266480584517 0.844261806920374 0.5488790885703786 62 20
0.9511732638065893 0.09449142106559395 0.9602961904194708 0.11172363101800808 63 10
0.7419609702141108 0.4974961004843609 0.761221289182697 0.5205602515415084 63 11
0.7971873271707356 0.4355964206551186 0.8092628987751375 0.4595736861447997 63 12
0.7350082958046931 0.48230851325835317 0.7713259087209418 0.5324839723957695 63 13
0.7362724184245872 0.5140793038338396 0.7703134615766383 0.5601494548572828 63 14
0.5024097337441732 0.7092192759215171 0.5456097512556329 0.7553391318551186 63 15
0.5896341945168682 0.6433790329201216 0.6402437813908245 0.7012536240761158 63 16
0.7227621079244687 0.5471636154667104 0.7492307386893773 0.5827106047613214 63 17
0.584261673382318 0.6520811099252934 0.650487364262601 0.724080199273143 63 18
0.29398751678912854 0.8346605369017323 0.36473904671153196 0.9100820776675242 63 19
0.7722999130915699 0.46950168294885475 0.8334425188096798 0.5509616562538282 63 20
0.9213083669115905 0.1522042525244233 0.9334961189526135 0.17364939360529216 64 10
0.754365173421822 0.4850997455052951 0.7756933277748 0.5116582955612724 64 11
0.7682705222406574 0.4812412773992283 0.7839517201675501 0.5052064192086243 64 12
0.6997708777751442 0.5335358344963468 0.737061521052945 0.5852423537098289 64 13
0.7412499012404203 0.5101387406616862 0.7753161415837849 0.5580464698436033 64 14
0.5611914355692502 0.6700599293982432 0.6061183570563595 0.7182816774878517 64 15
0.5769139606541834 0.6557753878991872 0.6308935342346098 0.7170770550042876 64 16
0.7134392036027495 0.55734340366144 0.7414686439163838 0.5970027359222508 64 17
0.6168128308445919 0.6266316394384698 0.6869354614575268 0.7000285842623218 64 18
0.28727186537094096 0.841310237254741 0.35951799575169235 0.9171056392666095 64 19
0.7641621237260015 0.477464904359248 0.8318345145216683 0.563375393033607 64 20
0.9369518843327803 0.1205155570150234 0.9490004565938102 0.1376332230797501 65 10
0.7115430196729082 0.5170347262129547 0.7358704067655292 0.542100534934052 65 11
0.7647151773722051 0.48312946391921846 0.7774998511107141 0.5055126791620728 65 12
0.6224223749703721 0.5905098103603973 0.663768288567288 0.6390216015353832 65 13
0.768823575886861 0.4748378622444791 0.8017787306692077 0.5236228510759933 65 14
0.49601011298095915 0.7117642229701995 0.5389990669604748 0.7627302053983421 65 15
0.573911669431935 0.6528199655200723 0.6268040418478154 0.713565274204745 65 16
0.7233151615706723 0.5465068549380182 0.7494094058324896 0.5819551635428152 65 17
0.550841431618867 0.6718660208521468 0.6268238937526056 0.7552982971946588 65 18
0.25266650865133916 0.8655282817502669 0.3110594961586564 0.9278451549675364 65 19
0.8904163703879276 0.21500697808061736 0.9046711531971493 0.23976070888970558 66 10
0.7180216480998657 0.5233560463016173 0.7382526353403609 0.5496957817795745 66 11
0.7415659318953939 0.5119448321155898 0.7604073610862963 0.5379558168973825 66 12
0.6931342340207 0.5402676299154421 0.7287038691362436 0.5886316305279922 66 13
0.7362724184245872 0.5107955011903784 0.7732713953903877 0.5615990853036057 66 14
0.541755550288378 0.678433626139069 0.5887082365552975 0.7309812568908489 66 15
0.5584261673382318 0.6644774649043592 0.6159251980227503 0.7296337130956756 66 16
0.7377735640357115 0.5311550775798375 0.7666210072856491 0.5691330801584384 66 17
0.5671960180137473 0.6604548066661193 0.642467194727334 0.7422924578382131 66 18
0.30520660504068897 0.8337574911747804 0.37786115577789686 0.9084486912491323 66 19
0.7534170814569013 0.49150316066004435 0.8214718202211502 0.5761770590877537 66 20
0.9407442521924627 0.1071340612429193 0.952216465169833 0.12501531299767243 67 10
0.7332701272023386 0.5025859945817256 0.7559803863180672 0.5276858997917432 67 11
0.7345342498222328 0.520975289385108 0.7532011196474302 0.5437543386826739 67 12
0.711068973690448 0.5092356949347344 0.7441486510630695 0.5552288782718772 67 13
0.7426720391878012 0.5032427551104178 0.779524745399321 0.553227979909347 67 14
0.4625898712175081 0.7372957885231097 0.5017370416691481 0.7854955286046796 67 15
0.5329066919491191 0.681224858386011 0.5874575665535108 0.7381477398015436 67 16
0.7214979853045745 0.5462605697397587 0.7479006610684296 0.5849973457470701 67 17
0.5378051671012088 0.6827025695755685 0.6150120104023981 0.7632406386540896 67 18
