0.5607275922092045 0.014250288624813458 0.7957551306788284 0.007686402034827442 1
0.5847878984987835 0.00801570047434241 0.7984739519382564 0.006624027423036969 2
0.6142556530230592 0.0026697822405005976 0.797088230135064 0.0012591789592386893 3
0.6353870719309498 0.005275738768166463 0.8037888089808807 0.002370200441974742 4
0.6585880527053012 0.0011727668687655142 0.8076828626556745 0.0013633149200247975 5
0.688288774695349 0.0019683960168176387 0.8026135765655148 0.0028728995632865298 6
0.7083421008918751 0.0034513029642069103 0.7994737765304333 0.0024096208792883916 7
0.7263110139827205 0.0019412616540382319 0.8000350815646378 0.001813245231075335 8
0.7382318982190259 0.0022990389176691154 0.8001403262585512 0.001971352955075856 9
0.7481856967943391 0.00125046222532952 0.7988247675846343 0.001025618407037258 10
0.7600628248303715 0.0019325590902033523 0.7989124714962287 0.0019075792308111017 11
0.7692004689614623 0.0014419595376861695 0.7975618312576741 0.0015079768834589317 12
0.7759333156952081 0.0017115993744237737 0.7966497105770917 0.0019017961778923004 13
0.7851584594835574 0.0012887735548291995 0.7960182424136117 0.0019484327528897453 14
0.7892682237448515 0.0020650682758123614 0.7941764602701281 0.001349021872162573 15
0.7938879711716261 0.001364759512216633 0.7944044904402736 0.0020367560038649633 16
0.7992218534716101 0.0016109625315387684 0.7905981406770742 0.001533710477871026 17
0.8032731780800255 0.0008336644206597366 0.7880898088054727 0.0016602514937806882 18
0.8073975100424006 0.0017335565339406467 0.7853183651990878 0.0008862522577906204 19
0.8119735108263676 0.001676199611654615 0.7826872478512541 0.0019428980054105919 20
0.8139263048908333 0.0014863077970481081 0.7779336958428346 0.0019475798465928111 21
0.8177736901796386 0.0018886244103019695 0.7748465181547097 0.0025539041731341356 22
0.8195079400554922 0.002350007787121104 0.7715313102964392 0.0006430557018005034 23
0.8215481626271968 0.0016886423425899167 0.7691808454657079 0.0011317271428469495 24
0.8229910712247168 0.0013338375498060722 0.7674443080161375 0.0022024126929629483 25