0.7044553300676464 0.5600539811066126 0.7191670183506265 0.5764335890427064 1 10
0.7013062747842314 0.5608167576130962 0.7206077098825618 0.5815918643270729 1 11
0.6865523676230464 0.5676817461714487 0.7143647132441754 0.5953031772624401 1 12
0.688360158619081 0.5576483013553952 0.7245077637265888 0.5947888193281016 1 13
0.6846279449498484 0.5564161239218447 0.7305906835280935 0.6011668577138994 1 14
0.6874854210403546 0.5432142228480902 0.7445319207765182 0.599932398671487 1 15
0.6815955213435969 0.5487883588570087 0.7480972685070653 0.6138494547805896 1 16
0.6794378353160718 0.5391656398521387 0.758502262904376 0.6177144872586192 1 17
0.6785630977373455 0.5365252596373877 0.7688781524222535 0.6269729300767128 1 18
0.6694658269185911 0.539048289620372 0.7733020940960752 0.6400670134908738 1 19
0.6608933986470725 0.5344129554655871 0.7783226857982741 0.6519560297445846 1 20
0.7044553300676464 0.5600539811066126 0.7191670183506265 0.5764335890427064 2 10
0.7013062747842314 0.5608167576130962 0.7206077098825618 0.5815918643270729 2 11
0.6865523676230464 0.5676817461714487 0.7143647132441754 0.5953031772624401 2 12
0.688360158619081 0.5576483013553952 0.7245077637265888 0.5947888193281016 2 13
0.6846279449498484 0.5564161239218447 0.7305906835280935 0.6011668577138994 2 14
0.6874854210403546 0.5432142228480902 0.7445319207765182 0.599932398671487 2 15
0.6815955213435969 0.5487883588570087 0.7480972685070653 0.6138494547805896 2 16
0.6794378353160718 0.5391656398521387 0.758502262904376 0.6177144872586192 2 17
0.6785630977373455 0.5365252596373877 0.7688781524222535 0.6269729300767128 2 18
0.6694658269185911 0.539048289620372 0.7733020940960752 0.6400670134908738 2 19
0.6608933986470725 0.5344129554655871 0.7783226857982741 0.6519560297445846 2 20
0.7069045952880803 0.5769524144810186 0.7088929959107645 0.5847955794609528 3 10
0.717343130394215 0.5573549257759784 0.7268361540812317 0.5656026805396349 3 11
0.7121530207604385 0.5526022413894267 0.7282913980528836 0.5718337595156218 3 12
0.7560065313739212 0.5104148330692954 0.7742625551173654 0.5314640096405373 3 13
0.722183344996501 0.5456199025993076 0.7483010026630965 0.5707168680010581 3 14
0.7045136459062281 0.5620489350466468 0.735713142308308 0.5950239543837992 3 15
0.7193258689059948 0.541864695182773 0.7611944642519318 0.5790494665373423 3 16
0.7143690226265453 0.5419820454145396 0.7665643145073272 0.5930840901742939 3 17
0.7069045952880803 0.5500205362905591 0.7716140110889591 0.6106457396467095 3 18
0.6918591089339865 0.5570028750806783 0.7691692012165839 0.6303970843253094 3 19
0.7209003965477023 0.5091239805198615 0.8264476039408006 0.610998442230256 3 20
0.713727548402146 0.5682684973302822 0.7194726195846733 0.5758310554624813 4 10
0.7259738745043154 0.5486123335093587 0.7374012253154242 0.55993004732093 4 11
0.685444366689993 0.58100099747697 0.7076996958540099 0.6009464185991829 4 12
0.7161184977839982 0.5538344188229771 0.7358004569466071 0.5784616288980984 4 13
0.7294145089806391 0.5330634278002699 0.7615437228051283 0.5637362960350352 4 14
0.7008397480755774 0.5654520917678812 0.7359605337834888 0.5987420274520178 4 15
0.7126195474690926 0.5484949832775919 0.7566832079398111 0.5923933809481821 4 16
0.7078959645439702 0.5437422988910403 0.7687617329045214 0.6029597625135937 4 17
0.7052134359692093 0.5445637505134072 0.77708572842237 0.6114246245187079 4 18
0.6846862607884301 0.5595845801795458 0.7699986902804256 0.6404050201334391 4 19
0.6963494285047819 0.5369946605644547 0.8045898394865899 0.6395232636745731 4 20
0.7098203872171682 0.5658628175790648 0.7189050744357292 0.5727889956793933 5 10
0.7557732680195941 0.5163410197735141 0.7652254900534075 0.5254974576022102 5 11
0.6750058315838582 0.5949656750572082 0.6917938792438553 0.612585603856215 5 12
0.7729764404012129 0.49345772457900605 0.7878545338125936 0.510757428798166 5 13
0.7612549568462794 0.5079504782021944 0.7817425091316559 0.5254239778973048 5 14
0.7227665033823186 0.5512527137241096 0.7462200037836343 0.5756253122887458 5 15
0.7148355493351994 0.5555359971835945 0.7446628927339668 0.5828410193104665 5 16
0.700431537205505 0.5602886815701461 0.7486357087765764 0.6049584104870235 5 17
0.7206088173547935 0.5457372528310743 0.7667389437839254 0.5896599359256973 5 18
0.695591322603219 0.5665669189696649 0.7579347177554318 0.6255033359786027 5 19
0.736937252157686 0.515343542803497 0.8123608422952108 0.586132910090233 5 20
0.7344879869372521 0.5432728979639735 0.7422326353013082 0.5512006583781559 6 10
0.7336132493585258 0.5404564924015725 0.7435423548757949 0.5517738000764189 6 11
0.6989736412409611 0.5746640849615678 0.7150050205917022 0.5911001381418453 6 12
0.7777583391649172 0.4842457313853195 0.7965423403233552 0.5049084442876878 6 13
0.7573477956613016 0.5091826556357448 0.7848567312309909 0.5355200893513211 6 14
0.7056799626778633 0.5660388429267148 0.7347090239678682 0.5954501366722511 6 15
0.728481455563331 0.5417473449510063 0.7605104995852555 0.5730682185580342 6 16
0.7148355493351994 0.5423340961098398 0.7683106072733094 0.5913352731975429 6 17
0.6947749008630744 0.5683858475620489 0.7485483941382772 0.6192575610616348 6 18
0.7278399813389317 0.5336501789591035 0.7954218024651832 0.5953031772624401 6 19
0.7290062981105668 0.5261984392419174 0.8092175153164428 0.5988595949798665 6 20
0.7126195474690926 0.5619902599307633 0.721597275783285 0.5689386591423449 7 10
0.7534406344763238 0.5178665727864813 0.762518736266135 0.5238074243893837 7 11
0.7501749475157453 0.5232060083318665 0.7619075337980412 0.5350939070628692 7 12
0.774434336365757 0.488646365076571 0.7915363010608728 0.5059371601563648 7 13
0.7320970375554 0.5402804670539224 0.754209293188003 0.5598565676160244 7 14
0.7532656869605785 0.5162236695417474 0.7768674418266223 0.5375187373247509 7 15
0.7369955679962678 0.5322419761779029 0.7672191742945705 0.5597683919701378 7 16
0.6778633076743643 0.5844041541982046 0.7215681709038521 0.6207859389236693 7 17
0.6860858409143924 0.579182068884586 0.734141478818924 0.6248126267524909 7 18
0.783356659668766 0.4750337381916329 0.8414948266076808 0.5209711077800312 7 19
0.769827385117798 0.48049052396878483 0.834596970182051 0.5384739734885224 7 20
0.7090039654770236 0.5706741770814997 0.7160527962512915 0.5788878111865503 8 10
0.7582808490786097 0.5132312386316963 0.7674229084506018 0.5210445874849366 8 11
0.7083041754140424 0.5651000410725812 0.7256719589039102 0.5810334185697911 8 12
0.7760088640074644 0.4851258581235698 0.7961639768907257 0.5077006730740969 8 13
0.7440517844646606 0.5208590036965323 0.7706535500676689 0.5480998148311437 8 14
0.7476673664567296 0.5196268262629818 0.7746263661102784 0.5454251535725833 8 15
0.7005481688826686 0.5700874259226661 0.7367463655281808 0.6030773300414426 8 16
0.6816538371821786 0.5718476793991668 0.7360769533012209 0.6212121212121212 8 17
0.6521460228598087 0.6066420231179956 0.710057191088086 0.6624048437821474 8 18
0.7472008397480756 0.5157542686146805 0.8096104311887888 0.5714810569320754 8 19
0.7604385351061348 0.4865340609047703 0.8409418338984531 0.5583722775769332 8 20
0.7408444133426638 0.5349997066244205 0.7484610794999782 0.5416923845633836 9 10
0.7746675997200839 0.4900545678577715 0.7830522287061426 0.4984422302560033 9 11
0.7551901096337765 0.515343542803497 0.7671464120959879 0.5282455985656762 9 12
0.7824819220900396 0.4827788534882356 0.7994964855858084 0.5001910472327543 9 13
0.6982738511779799 0.5662735433902482 0.7207677867194435 0.5869117949622314 9 14
0.7280732446932587 0.5472628058440415 0.7451140183651789 0.5641183905005438 9 15
0.6631677163517611 0.5982514815466761 0.6942823464353799 0.6281192134732387 9 16
0.6978656403079077 0.5633984627119638 0.7378960082657857 0.5995503042059783 9 17
0.6666083508280849 0.6007158364137769 0.7098097996129051 0.6432560326837727 9 18
0.7375787263820853 0.5254943378513173 0.7966442074013709 0.5781383181965142 9 19
0.783356659668766 0.46740597312679694 0.850342709955324 0.5278488081591864 9 20
0.7193258689059948 0.5564747990377281 0.7290772297975756 0.565176498251183 10 10
0.730172614882202 0.5493751100158423 0.7376922741097545 0.5593862975046292 10 11
0.6961744809890367 0.5758375872792348 0.7132005180668539 0.5918496311318814 10 12
0.764987170515512 0.5020242914979757 0.784885836110424 0.5229991476354231 10 13
0.6519710753440634 0.6070527489291792 0.6824948702649999 0.6356435352555624 10 14
0.720258922323303 0.5539517690547439 0.7441826622233217 0.5750374746495018 10 15
0.6916841614182412 0.5791233937687027 0.7257010637833433 0.6087058754372042 10 16
0.6890016328434803 0.5645719650296309 0.7463946330602326 0.6166416835669988 10 17
0.7017144856543037 0.5641025641025641 0.7515898540390297 0.6121594215677629 10 18
0.7393865173781199 0.5177492225547146 0.8117059825079674 0.5835905123005026 10 19
0.7370538838348496 0.5189227248723817 0.8173814339974097 0.590482908620639 10 20
0.7117448098903663 0.5591738543683624 0.7198655354570194 0.5667489639361608 11 10
0.7532073711219968 0.5243208355336502 0.7578474031171326 0.5304352937718602 11 11
0.7319804058782365 0.5406325177492226 0.743600564634661 0.5524204214795874 11 12
0.8031257289479823 0.45590565041365955 0.8203792365790125 0.4710783881491932 11 13
0.65086307441101 0.6076395000880127 0.6761063492294483 0.6244746201099256 11 14
0.7402612549568462 0.538050812650355 0.7561156627908668 0.5514064015518914 11 15
0.661243293678563 0.6000117350231766 0.6939476403218999 0.6283543485289363 11 16
0.6544786564030791 0.6013025875726105 0.7011365455418601 0.647664814978103 11 17
0.7204338698390483 0.540867218212756 0.7669426779399566 0.5821356141433736 11 18
0.7731513879169583 0.48195740186586866 0.8354846690047586 0.5369896834494313 11 19
0.7307557732680195 0.5273132664437012 0.7926131815998952 0.5801957499338682 11 20
0.674306041520877 0.5957871266795752 0.6855363301657523 0.6067366193457367 12 10
0.74469325868906 0.5364079094056211 0.7506439454574559 0.5436763365958323 12 11
0.7206088173547935 0.553482368127677 0.7375321972728728 0.5671604502836317 12 12
0.7915208770702122 0.4725693833245321 0.8102216336568826 0.49440084648620053 12 13
0.6442733846512713 0.6186117467581999 0.6755242516407876 0.641551303529965 12 14
0.7590972708187543 0.5125858123569794 0.7839253750891337 0.5362254945184141 12 15
0.6832866806624679 0.5859883823270551 0.7178864036555729 0.6173911765570349 12 16
0.6382668532773501 0.6186704218740832 0.6933218854140897 0.6688710578138318 12 17
0.7538488453463961 0.5008507891803087 0.8122153178980456 0.5560650148429004 12 18
0.7511080009330534 0.5044886463650766 0.825108779486881 0.5716133204009053 12 19
0.7162934452997434 0.5389309393886053 0.790503077841 0.6043411809658172 12 20
0.712502915791929 0.5573549257759784 0.7210151781946244 0.5655732886576728 13 10
0.7853977140191276 0.4863580355571202 0.7917254827771876 0.4895511859624372 13 11
0.6894681595521344 0.5822331749105204 0.7061134799249094 0.596743379478588 13 12
0.8021926755306741 0.45479082321187586 0.8212087256428541 0.47306234018164184 13 13
0.671915092139025 0.5971366543448924 0.6944860805914111 0.6127766510889693 13 14
0.7628878003265687 0.5138179897905298 0.7803309224791536 0.5337712723745701 13 15
0.7142523909493819 0.5548318957929942 0.7445755780956678 0.5816800399729595 13 16
0.6145323069745743 0.6364489819867394 0.6623688461370548 0.6794815272021868 13 17
0.7887800326568696 0.45033151440474095 0.8434739584091273 0.4998971284131323 13 18
0.7608467459762072 0.4941031508537229 0.8298383223947495 0.5535960967580754 13 19
0.7331467226498717 0.5222672064777328 0.7953490402666007 0.5796373041765864 13 20
0.740552834149755 0.5337675291908701 0.7489558624503398 0.540869411868442 14 10
0.7474341031024027 0.5303643724696356 0.7552861737270253 0.5390030273638421 14 11
0.7214252390949382 0.5537170685912105 0.7378814558260692 0.5672633218704993 14 12
0.7701189643107068 0.4956287038666901 0.792409447443864 0.5189430679246392 14 13
0.7080709120597154 0.5624009857419469 0.7354948557125602 0.5852658495723481 14 14
0.7662701189643107 0.5034911693950596 0.7925549718410292 0.5291126590835611 14 15
0.7153020760438535 0.5533650178959103 0.7525503150603199 0.5897481115715839 14 16
0.6210636808957313 0.6306988206301708 0.6739816930308367 0.676013285130647 14 17
0.7665616981572195 0.48266150325646895 0.828252106465649 0.5389736354818799 14 18
0.759447165850245 0.4841283811535528 0.8449583072602121 0.56153190488787 14 19
0.7583391649171916 0.4956873789825735 0.8308860980543388 0.5628839314581313 14 20
0.7808490786097504 0.4765592912046001 0.7904303156424175 0.4857008494253887 15 10
0.7299976673664568 0.5484949832775919 0.7368918899253459 0.5571525144755018 15 11
0.7315721950081642 0.5368773103326879 0.7433386207197636 0.5496869764571025 15 12
0.799335199440168 0.462946664319662 0.8172068047208114 0.48035152690826793 15 13
0.7269652437602053 0.5436249486592736 0.7480390587481991 0.5628398436351879 15 14
0.8072078376487054 0.4514463416065247 0.8297073504373008 0.47420862357816773 15 15
0.665150454863541 0.595259050636625 0.7019805870454182 0.6299709020368575 15 16
0.6571611849778399 0.5984275068943261 0.699084651541831 0.6371278252946536 15 17
0.7475507347795661 0.5048406970603767 0.7989289404368642 0.5491579225817829 15 18
0.83222533240028 0.3792172739541161 0.9038374783532459 0.4512388678247068 15 19
0.7603802192675531 0.4989731854720413 0.8212960402811531 0.5553890015577697 15 20
0.7344879869372521 0.539048289620372 0.7448957317694311 0.5488933956441231 16 10
0.702122696524376 0.5744293844980344 0.7142628461661598 0.5869264909032126 16 11
0.7220667133193376 0.5517221146511765 0.7386672875707613 0.5679834229785733 16 12
0.804641940751108 0.4562577011089597 0.8220818720258452 0.4756782176762778 16 13
0.7562981105668299 0.5097107316786951 0.7837798506919685 0.5343738059547953 16 14
0.7900046652670866 0.4750337381916329 0.8165228400541351 0.499853040590189 16 15
0.6926755306741311 0.566742944317315 0.7362224776983861 0.6083972606766012 16 16
0.6330767436435736 0.6196678988441002 0.6894800413289288 0.6694882873350381 16 17
0.7115115465360392 0.5500792114064426 0.7643523436704164 0.6003438850189577 16 18
0.7677280149288547 0.47538578888693306 0.849134857458853 0.5499515033947624 16 19
0.7522743177046886 0.5053687731033268 0.8221400817847112 0.5705699085912471 16 20
0.7089456496384418 0.5546558704453441 0.7221648209322293 0.5667489639361608 17 10
0.6912759505481689 0.5887461127735727 0.6993757003361614 0.5991682097404697 17 11
0.7743177046885934 0.48606465997770343 0.7875052752593973 0.5021162155012785 17 12
0.7991019360858409 0.463768115942029 0.815678798550577 0.4784557505217059 17 13
0.7658619080942384 0.4958047292143402 0.7893825399828281 0.5189871557475825 17 14
0.8023093072078377 0.4513876664906413 0.8224311305790416 0.46894747670693354 17 15
0.6973407977606718 0.5621662852784134 0.7393803571168707 0.598051318225906 17 16
0.6049101936085841 0.6444287977468756 0.6498100906616995 0.687373247509038 17 17
0.7418940984371355 0.5138179897905298 0.7913907766637077 0.5557123122593539 17 18
0.7486587357126195 0.5076571026227776 0.8173959864371262 0.5678952473326867 17 19
0.7420107301142991 0.5222085313618494 0.7961785293304422 0.5723334215089793 17 20
0.7469675763937486 0.5245555359971836 0.7571197811313066 0.5348881638891338 18 10
0.6687077210170282 0.6085783019421463 0.6794388579245311 0.6213443846809511 18 11
0.7473757872638208 0.525611688083084 0.762489631386702 0.540590188989801 18 12
0.791812456263121 0.4750924133075163 0.8091447531178602 0.49213767157511096 18 13
0.7436435735945883 0.5205656281171155 0.7738696392450194 0.5451312347529612 18 14
0.8105901562864474 0.44346652584638857 0.8350480958132631 0.46565558592716694 18 15
0.7373454630277584 0.5229126327524497 0.7826156555146471 0.5643388296152603 18 16
0.5816421740144623 0.6655518394648829 0.6320997715266965 0.7136789818652088 18 17
0.7180429204571962 0.5435075984275068 0.7724580525925171 0.5950386503247803 18 18
0.738628411476557 0.5215631050871326 0.8080533201391213 0.5871175381359669 18 19
0.7155936552367623 0.5511353634923429 0.7788611260677852 0.6077800311553949 18 20
0.7957779332866807 0.45250249369242507 0.8063070273731391 0.46289274902271993 19 10
0.6878353160718451 0.5907997418294901 0.6971928343786836 0.6017987831760868 19 11
0.7631210636808957 0.49292964853605586 0.7795014334153121 0.5065690856185522 19 12
0.7813156053184045 0.481018600011735 0.8004714990468152 0.4969873320988743 19 13
0.7846396081175647 0.47192395704981516 0.8087954945646638 0.49475354906974695 19 14
0.8006764637275484 0.45361732089420875 0.8226930744939389 0.47310642800458513 19 15
0.7355376720317238 0.5290148448043185 0.7745536039116958 0.5632219381006965 19 16
0.531432236995568 0.6982925541277945 0.581369966674913 0.7424389383652236 19 17
0.7583391649171916 0.49281229830428913 0.8111675422384563 0.538253534373806 19 18
0.7821903428971309 0.469576952414481 0.8462825792744153 0.5297445845457485 19 19
0.7493002099370188 0.5107082086487121 0.8079223481816726 0.5641183905005438 19 20
0.7592139024959179 0.5071290265798275 0.7700860049187246 0.5176204332363401 20 10
0.7027641707487754 0.5757202370474682 0.7134188046626017 0.5880433824177762 20 11
0.7327385117797994 0.5395176905474388 0.7503820015425586 0.5551538665020721 20 12
0.7681945416375088 0.49345772457900605 0.7908814412736295 0.5150780354466097 20 13
0.8006181478889667 0.45250249369242507 0.8263602893025016 0.4801751756164947 20 14
0.8084907860975041 0.4414715719063545 0.8332872506075644 0.46600828851071335 20 15
0.7600886400746443 0.49979463709440825 0.8038476650610474 0.5394586015342563 20 16
0.5096221133659902 0.7142521856480667 0.5672686525896067 0.7645122417188372 20 17
0.7503498950314905 0.4986211347767412 0.8130884642810368 0.5592834259177615 20 18
0.7890716118497784 0.4652349938391128 0.8549703857851769 0.5287746524409958 20 19
0.7486004198740378 0.5132312386316963 0.8147619948484364 0.5737883196661082 20 20
0.7337298810356893 0.524790236460717 0.7446046829751007 0.536504717397055 21 10
0.6836948915325403 0.5899782902071231 0.6948644440240407 0.6031802016283102 21 11
0.7141357592722183 0.5564747990377281 0.7302268725351805 0.5709520030567558 21 12
0.7709937018894332 0.4765006160887168 0.7945195512027592 0.4986479734297387 21 13
0.7856892932120364 0.47145455612274834 0.809726850706521 0.4941363195485407 21 14
0.8202705854910194 0.41219268908056095 0.8413929595296652 0.43526437997825 21 15
0.7494168416141824 0.5058968491462771 0.7939374536140984 0.5466008288510713 21 16
0.5224515978539771 0.7053922431496802 0.5735262016677096 0.7491402874526056 21 17
0.759913692558899 0.48195740186586866 0.8136705618696974 0.5287452605590336 21 18
0.764753907161185 0.497095581763774 0.8229841232882693 0.5513623137289481 21 19
0.72679029624446 0.5382855131138884 0.7790357553443835 0.5880580783587573 21 20
0.7513412642873805 0.5099454321422284 0.7639739802377868 0.5212944184816154 22 10
0.6632260321903429 0.6088130024056797 0.6757425382365354 0.6259001263850924 22 11
0.728714718917658 0.5423340961098398 0.7462927659822169 0.5588131558063663 22 12
0.7464427338465127 0.5098280819104618 0.7710755708194479 0.5358580959938865 22 13
0.7968276183811523 0.4562577011089597 0.8244684721393541 0.4845104782059195 22 14
0.7799160251924423 0.4744469870327994 0.8079077957419561 0.5035417217764453 22 15
0.7082458595754607 0.5524848911576601 0.7567123128192441 0.5970666901801722 22 16
0.5742360625145789 0.6769348119462536 0.621869406405984 0.7168973929400699 22 17
0.7614882202006065 0.48418705626943614 0.8249923599691489 0.5436028568909267 22 18
0.7796244459995335 0.47614856539341666 0.8458314536432033 0.5400905269964436 22 19
0.7476673664567296 0.5155782432670305 0.8117787447065501 0.5747582517708609 22 20
0.7137858642407278 0.505720823798627 0.7298339566628346 0.5188108044558093 23 10
0.622113365990203 0.6403802147509241 0.6369311815125805 0.6556153190488787 23 11
0.7710520177280149 0.49093469459602185 0.7859336117700132 0.5061282073891191 23 12
0.7409610450198274 0.5181599483658981 0.7611071496136327 0.5376069129706376 23 13
0.8083158385817588 0.43578008566566917 0.8338984530756581 0.45905710842665254 23 14
0.7820737112199674 0.4679927242856305 0.8072092786355632 0.4925491579225818 23 15
0.6771635176113833 0.5777151909875022 0.718424843925084 0.6189048584780884 23 16
0.4694425005831584 0.750630757495746 0.5138903037094169 0.7874085177673926 23 17
0.7291229297877303 0.5190400751041483 0.7856280105359663 0.5701143344208329 23 18
0.8239444833216701 0.4038608226251247 0.8851230408778031 0.46018869588219735 23 19
0.72679029624446 0.5407498679809892 0.7757614564081668 0.5886753078799636 23 20
0.7721600186610683 0.47667664143636684 0.7852350946636204 0.4890368280280986 24 10
0.6088173547935619 0.6528193393181951 0.6249981809450355 0.6698997736825089 24 11
0.7296477723349661 0.5406325177492226 0.747136807485775 0.5571525144755018 24 12
0.7109867039888034 0.5573549257759784 0.7319295079820132 0.5791376421832289 24 13
0.8231863774201073 0.42017250484069707 0.8500225562815606 0.4464773829468301 24 14
0.7642290646139491 0.5016722408026756 0.7913325669048416 0.5312435705258207 24 15
0.7191509213902496 0.5444464002816406 0.7624605265072689 0.5830908503071451 24 16
0.5703872171681829 0.6800445930880713 0.6170816537392494 0.7199394527231578 24 17
0.6915675297410777 0.5628703866690137 0.7513279101241324 0.6194045204714458 24 18
0.7807907627711687 0.4757378395822332 0.8452930133736921 0.5374158657378832 24 19
0.7416025192442267 0.5244968608813002 0.8044297626497082 0.5799165270552273 24 20
0.8251691159318871 0.3815056034735669 0.8401851070331942 0.39427740058195926 25 10
0.5642057382785165 0.6860294549081735 0.5819375118238572 0.7014519589689328 25 11
0.7484254723582925 0.5198615267265153 0.7645269729470145 0.5336977926696647 25 12
0.73839514812223 0.5185706741770815 0.7590552556136037 0.539267554301502 25 13
0.8084907860975041 0.43519333450683567 0.8346115226217675 0.4574846427416748 25 14
0.7950198273851178 0.45185706741770815 0.8175997205931574 0.4746641977485818 25 15
0.7521576860275251 0.5061315496098104 0.7921766084083997 0.5409134996913852 25 16
0.5738861674830884 0.677169512409787 0.6152917036541176 0.7146342180289804 25 17
0.7029974341031024 0.5445050753975239 0.7596519056419809 0.5956999676689299 25 18
0.8242360625145789 0.40491697471102506 0.8838133213033165 0.46055609440672485 25 19
0.7722766503382319 0.48494983277591974 0.8328361249763523 0.5394732974752373 25 20
0.8223116398413809 0.38203367951651707 0.8403597363097923 0.39848043970255415 26 10
0.6235129461161651 0.643842046588042 0.6393614389452392 0.6603033242218499 26 11
0.7422439934686261 0.5261397641260341 0.7614709606065457 0.5421773506157599 26 12
0.7410776766969909 0.5196268262629818 0.7656184059257535 0.5424271816124386 26 13
0.7902962444599954 0.4564924015724931 0.820786704891075 0.4840842959174676 26 14
0.797644040121297 0.448688611160007 0.8239882416287091 0.475854568968051 26 15
0.7630044320037322 0.4963914803731737 0.8044588675291413 0.5357699203479999 26 16
0.6074177746675997 0.6495922079446107 0.6568825763639274 0.6940452047144579 26 17
0.6662001399580126 0.5846388546617379 0.7272436223932942 0.641257384710343 26 18
0.8172381618847679 0.4068532535351757 0.888877570324665 0.4740763601093378 26 19
0.7393282015395382 0.5273719415595846 0.8025961552454269 0.5841636539987656 26 20
0.8214369022626545 0.386669013671302 0.8362268434303011 0.40009699321047526 27 10
0.5915558665733613 0.6599777034559643 0.6121483766753496 0.6803044998971284 27 11
0.7937368789363191 0.45578830018189287 0.8126373386498247 0.4694030508773477 27 12
0.773442967109867 0.46816874963328053 0.7985214721248017 0.49501807600740677 27 13
0.7963610916724982 0.44029806958868745 0.8267532051748475 0.4636863298356994 27 14
0.838756706321437 0.38138825324180015 0.8593506701398489 0.4016694588954531 27 15
0.7677863307674364 0.48342427976295255 0.8100033470611347 0.5210739793668988 27 16
0.582925122463261 0.6644956873789826 0.6290437591862276 0.7053757752108868 27 17
0.7029391182645206 0.5451505016722408 0.7597537727199966 0.5959351027246275 27 18
0.8288430137625379 0.39335797688200436 0.8914533521544887 0.45295829291949563 27 19
0.7486587357126195 0.5095933814469283 0.8063070273731391 0.563427681274432 27 20
0.7834149755073478 0.46570439476617964 0.7962803964084578 0.4771184198924257 28 10
0.6384418007930954 0.6256527606642023 0.6570281007610926 0.6428886341592452 28 11
0.7416025192442267 0.5272545913278178 0.7610634922944832 0.5430444111336449 28 12
0.7914042453930488 0.45402804670539226 0.8167556790895993 0.48185051288834024 28 13
0.7746092838815022 0.4782608695652174 0.8050555175575185 0.5038356405960673 28 14
0.7974690926055517 0.448688611160007 0.8241337660258743 0.4764864944302384 28 15
0.7828318171215302 0.46488294314381273 0.8294017492032539 0.50640743026776 28 16
0.6336599020293912 0.6292319427330869 0.6819418775557722 0.6731328806983511 28 17
0.7484837881968742 0.5001466877897084 0.8117350873874005 0.5591658583899127 28 18
0.8311173314672265 0.39969488939740655 0.8935052461545178 0.4571319401581283 28 19
0.7514578959645439 0.5134072639793463 0.8155332741534118 0.5712606178173588 28 20
0.7856892932120364 0.4222848090124978 0.8027562320823086 0.43721894012873647 29 10
0.6614182411943084 0.6014199378043772 0.6799481933146092 0.6163624606883579 29 11
0.7527408444133427 0.5108255588804788 0.7733457514152248 0.5274079299297534 29 12
0.8399230230930721 0.3690078037904125 0.8647641777143938 0.3921905769626429 29 13
0.8028924655936552 0.44334917561462184 0.8292125674869392 0.466831261205655 29 14
0.8379402845812923 0.38127090301003347 0.8594525372178645 0.40306557328865766 29 15
0.8224865873571262 0.4033327465821745 0.8658847155725657 0.440496134967522 29 16
0.6505131793795195 0.6129202605175145 0.6937002488467191 0.6524409957969609 29 17
0.7126195474690926 0.5358798333626709 0.7698095085641108 0.587881727066984 29 18
0.8222533240027992 0.413366191398228 0.8792584076720462 0.4666989977368251 29 19
0.7793328668066247 0.4765592912046001 0.8409563863381696 0.5308467801193311 29 20
0.7896547702355959 0.4597195329460776 0.8036148260255832 0.47207771213590805 30 10
0.6530207604385351 0.6116294079680807 0.6705182123783052 0.6292067131058402 30 11
0.7730930720783765 0.4908173443642551 0.7926131815998952 0.5095376656967345 30 12
0.831000699790063 0.4023352696121575 0.8538207430475719 0.4294888751726773 30 13
0.7933869839048285 0.4597195329460776 0.8213833549194522 0.487199835405461 30 14
0.8344996501049685 0.3843806841518512 0.8584775237568578 0.40998736149075626 30 15
0.7783998133893165 0.47133720589098166 0.8257927441535573 0.5137700966992916 30 16
0.6569862374620947 0.6104559056504136 0.6992883856978622 0.6530729212591482 30 17
0.7572894798227199 0.4916387959866221 0.8205829707350437 0.5513770096699292 30 18
0.78481455563331 0.4682860998650472 0.850677416068804 0.5283778620345061 30 19
0.7609050618147889 0.5040192454380097 0.8225912074159233 0.5599153513799489 30 20
0.7563564264054117 0.4873555125271372 0.7721961086776198 0.4985597977838521 31 10
0.6793795194774901 0.5834653523440709 0.6969163380240697 0.5991976016224319 31 11
0.7841730814089106 0.479023646071701 0.8008062051602951 0.4940922317255974 31 12
0.8293678563097737 0.4005163410197735 0.8512740660971811 0.42424242424242425 31 13
0.7836482388616748 0.4692835768350643 0.8082716067348691 0.49313699556182583 31 14
0.8523442967109867 0.35199202018423986 0.8712982231471106 0.3703524086647268 31 15
0.8189876370422207 0.4067945784192924 0.8637600593739541 0.44599241689445374 31 16
0.6058432470258922 0.654286217215279 0.6463320575694516 0.6931634482555918 31 17
0.7821903428971309 0.45455612274834245 0.8434594059694108 0.5101989830408841 31 18
0.81432236995568 0.4226368597077979 0.8726079427215973 0.4751050759780149 31 19
0.7427105201772801 0.5262571143578009 0.7924531047630136 0.5730682185580342 31 20
0.7822486587357126 0.47638326585695007 0.7942721597275784 0.48758192987096965 32 10
0.6524376020527175 0.6118641084316142 0.6708674709315017 0.6294418481615378 32 11
0.7985770935386051 0.4612450859590448 0.8159843997846239 0.4797342973870617 32 12
0.7859225565663635 0.4702223786891979 0.8094358019121906 0.49362196161420213 32 13
0.8019594121763471 0.44880596139177376 0.8285577076996958 0.4754577785615613 32 14
0.8618497783998134 0.340080971659919 0.8823726297713812 0.36066778355818124 32 15
0.7802076043853511 0.46676054685208 0.8281793442670664 0.5099638479851865 32 16
0.6590272918124562 0.6088130024056797 0.7015149089744895 0.6519266378626224 32 17
0.8015512013062748 0.4330810303350349 0.8632943813030255 0.4960027040531405 32 18
0.801259622113366 0.4350173091591856 0.871254565827961 0.5011462833965259 32 19
0.7201422906461394 0.5484363081617086 0.7757469039684504 0.6034447285659701 32 20
0.7465010496850945 0.4993252361673414 0.7629553094576306 0.5123298944831438 33 10
0.6352344296710987 0.6227190048700346 0.6495918040659516 0.6413749522381919 33 11
0.8055166783298344 0.453323945314792 0.8189676499265102 0.46609646415659994 33 12
0.8056916258455796 0.434254532652702 0.8295327211607026 0.46004173647238633 33 13
0.8255773268019594 0.4153024702223787 0.8499788989624111 0.43599917702730506 33 14
0.8535106134826219 0.3508771929824561 0.8724187610052825 0.36830967286835375 33 15
0.8112316305108468 0.4170627236988793 0.8561491334022149 0.4568086294565441 33 16
0.6102752507581058 0.6519392125799448 0.6493153077113378 0.6895776386562031 33 17
0.8086074177746676 0.40010561520859006 0.8663794985229274 0.4564853187549599 33 18
0.7974107767669699 0.4464589567564396 0.8568039931894582 0.49879493283954973 33 19
0.7083041754140424 0.562753036437247 0.7564358164646303 0.6104253005319931 33 20
0.7420690459528808 0.5165170451211641 0.7570033616135745 0.52762836904447 34 10
0.6703405644973175 0.5968432787654756 0.6849251276976586 0.6138494547805896 34 11
0.7593888500116631 0.5074224021592443 0.7789775455855175 0.5263645181200952 34 12
0.8069745742943784 0.4364255119403861 0.8325159713025889 0.4680951121300297 34 13
0.8351994401679497 0.40245261984392416 0.8596562713738959 0.4263733356846839 34 14
0.8614998833683228 0.3411371237458194 0.8813394065515083 0.361358492784293 34 15
0.8185211103335666 0.41096051164701053 0.8651134362675903 0.45329629956206097 34 16
0.617739678096571 0.6465411019186763 0.658527002051894 0.6884313552596772 34 17
0.7640541170982039 0.46687789708384675 0.8318902163947786 0.5336243129647591 34 18
0.764987170515512 0.49867980989262456 0.8250505697280149 0.5548011639185257 34 19
0.7022976440401213 0.5641612392184474 0.7602485556703581 0.6218587426152896 34 20
0.7708187543736879 0.4690488763715308 0.7876362472168459 0.48145372248185053 35 10
0.6843946815955213 0.5806489467816699 0.701107440662427 0.5980954060488493 35 11
0.7670865407044554 0.49345772457900605 0.7835470116565042 0.5076418893101725 35 12
0.8613249358525775 0.34641788417532127 0.8846719152465911 0.37191017840872354 35 13
0.848903662234663 0.37587279234876486 0.8722004744095347 0.3957616906210505 35 14
0.887800326568696 0.2902657982749516 0.9036191917574982 0.30452928901037535 35 15
0.8602169349195241 0.3443055800035205 0.8938690571474308 0.3751432854245657 35 16
0.6220550501516212 0.6433139705450919 0.6582650581369967 0.6795550069070923 35 17
0.818171215302076 0.3849674353106847 0.8742232635301308 0.4400993445610322 35 18
0.801259622113366 0.4444053277005222 0.8547666516291457 0.4939011844928431 35 19
0.6836365756939585 0.5822331749105204 0.7328172068047208 0.6318813743644005 35 20
0.7977023559598787 0.45132899137475796 0.8121571081391795 0.4651118361108662 36 10
0.6655003498950315 0.6016546382679105 0.6805011860238369 0.6190812097698616 36 11
0.7606134826218801 0.5032564689315261 0.7816988518125063 0.5218822561208594 36 12
0.8550268252857476 0.358152907351992 0.8792584076720462 0.3834171001969256 36 13
0.8224282715185445 0.41495041952707856 0.850284500196458 0.4395262028627693 36 14
0.8918241194308374 0.284691662266033 0.910211446949081 0.29926814213914116 36 15
0.8447049218567763 0.36736490054567855 0.8834495103104035 0.4021397290068483 36 16
0.6595521343596921 0.6119227835474975 0.6987790503077841 0.6515592393380948 36 17
0.7719267553067413 0.4458135304817227 0.840126897274328 0.5170472915380772 36 18
0.7716934919524143 0.49093469459602185 0.8288778613734593 0.5427357963730418 36 19
0.6711569862374621 0.5905063662500734 0.7258756930599415 0.646783058519237 36 20
0.8301259622113366 0.3766355688552485 0.8471993829765561 0.39117655703494697 37 10
0.6779799393515279 0.5887461127735727 0.6928707597828776 0.6061487817064927 37 11
0.7589223233030091 0.5000880126738251 0.7825137884366314 0.5160479675513623 37 12
0.8525775600653137 0.3573901308455084 0.8749508855159568 0.3805954795285542 37 13
0.8553184044786564 0.3610866631461597 0.8813248541117918 0.3816682832201746 37 14
0.8876836948915325 0.29008977292730154 0.9039830027504111 0.30504364694471386 37 15
0.850828084907861 0.35774218154080856 0.8832894334735218 0.38525409281956324 37 16
0.6198973641240961 0.6444287977468756 0.6564460031724318 0.6815977427034653 37 17
0.7883135059482156 0.41905767763891333 0.8545920223525474 0.4815859859506804 37 18
0.794728248192209 0.45743120342662674 0.8457295865651877 0.5029832760191635 37 19
0.6701073011429904 0.5954937511001585 0.7173625158257781 0.64068424301208 37 20
0.7747842313972475 0.4682860998650472 0.7923657901247144 0.4825118302324898 38 10
0.698740377886634 0.5788300181892859 0.7114542253008717 0.5941568938659142 38 11
0.7167599720083975 0.5512527137241096 0.7401079791026965 0.5700702465978896 38 12
0.8096571028691393 0.4244557883001819 0.8316719297990308 0.455192075948623 38 13
0.8600419874037789 0.3534588980813237 0.8880189763813904 0.3788907503747465 38 14
0.8629577793328668 0.34019832189168575 0.8823435248919481 0.3597713311583341 38 15
0.8293678563097737 0.40315672123452445 0.8671507778279028 0.437013196955001 38 16
0.6652670865407044 0.6072287742768292 0.7014566992156235 0.6451665050113159 38 17
0.7728014928854677 0.4574898785425101 0.8406507851041227 0.5227493166387444 38 18
0.8021926755306741 0.4479845097694068 0.858986859146936 0.5011315874555448 38 19
0.6541870772101703 0.611336032388664 0.7067974445915858 0.6629485935984482 38 20
0.8016678329834384 0.4192337029865634 0.8190986218839589 0.4335449548834612 39 10
0.681828784697924 0.5844041541982046 0.6971637294992505 0.6023425329923875 39 11
0.698740377886634 0.5642785894502141 0.72437679176914 0.5812979455074508 39 12
0.8403895498017262 0.37082673238279645 0.8662194216860457 0.39684919025365195 39 13
0.8487870305574994 0.3681863521680455 0.8762315002110104 0.3919995297298886 39 14
0.8861674830884068 0.2926714780261691 0.9020620807078307 0.3052787820004115 39 15
0.8512362957779332 0.36296426685442706 0.8859379775019282 0.3920142256708697 39 16
0.6212969442500583 0.643666021240392 0.6575810934703203 0.6809511213002969 39 17
0.8108234196407744 0.3880185413366191 0.8761441855727112 0.4528848132145901 39 18
0.828318171215302 0.39640908290793875 0.8805826796862494 0.4443758633865326 39 19
0.6386167483088406 0.6228950302176847 0.6822183739103861 0.6658583899127061 39 20
0.8110566829951015 0.42422108783664847 0.8275826942386891 0.43830643976133793 40 10
0.6639841380919057 0.6034735668602945 0.6791478091302007 0.6229609381888722 40 11
0.6996734313039421 0.5719650296309335 0.7206659196414279 0.5891896658143021 40 12
0.8509447165850245 0.36407909405621075 0.8779486880975595 0.39032419245804306 40 13
0.8140307907627712 0.42580531596549903 0.8433284340119621 0.4539429209652294 40 14
0.8809190576160485 0.31332511881710967 0.8997045854737546 0.32955647650119035 40 15
0.8448215535339398 0.3701813061080796 0.8794912467075106 0.39983246627281543 40 16
0.6690576160485188 0.6031215161649944 0.7067828921518693 0.6423889721658878 40 17
0.8303592255656637 0.3661913982280115 0.8984676280978506 0.43438262351938395 40 18
0.7885467693025425 0.462770638972012 0.8485236549907592 0.5201628310260706 40 19
0.6551201306274784 0.6070527489291792 0.7110904143079587 0.6605384592775475 40 20
0.8569512479589456 0.3170803262336443 0.873131830551392 0.33177556358933663 41 10
0.6845696291112666 0.5809423223610867 0.7020679016837172 0.600079358081298 41 11
0.655003498950315 0.607522149856246 0.676688446818109 0.6261058695588279 41 12
0.8742127361791463 0.2912632752449686 0.8997191379134712 0.3186961761161567 41 13
0.8325169115931887 0.3945901543155548 0.8566730212320095 0.41898127737119006 41 14
0.8926988570095638 0.2768878718535469 0.909818531076735 0.29319871851394647 41 15
0.8397480755773268 0.3692425042539459 0.8744997598847447 0.3972606766011228 41 16
0.6245043153720551 0.641671067300358 0.6618013009881106 0.6794227434382624 41 17
0.8458712386284115 0.3501144164759725 0.9044632332610563 0.4077094906386856 41 18
0.774434336365757 0.4837176553423693 0.8287177845365775 0.5349763395350204 41 19
0.670690459528808 0.5907997418294901 0.7234017783081333 0.6393469123827998 41 20
0.8395731280615816 0.3636683682450273 0.8601219494448245 0.377950210151956 42 10
0.7184511313272685 0.5570615501965617 0.7346653666487186 0.5733033536137319 42 11
0.6983904828551435 0.5733145572962507 0.7188905219960127 0.590482908620639 42 12
0.8171798460461861 0.39371002757730444 0.8493240391751677 0.4292537401169797 42 13
0.8064497317471425 0.4343718828844687 0.8364305775863323 0.4645680862945654 42 14
0.8908327501749476 0.2831661092530658 0.9093237481263734 0.29895952737853804 42 15
0.8276766969909027 0.4011617672944904 0.8658556106931327 0.4341327925227052 42 16
0.6214135759272218 0.6429619198497917 0.6625580278533696 0.6854627751814949 42 17
0.8239444833216701 0.39764126034148917 0.8842935518139616 0.45626487964024337 42 18
0.7844063447632377 0.464765592912046 0.8479415574020984 0.5261146871234165 42 19
0.6888850011663168 0.5774218154080855 0.7481845831453643 0.6332921846985863 42 20
0.8963727548402146 0.24226955348236812 0.911419299445552 0.25900126385092437 43 10
0.7211336599020294 0.5481429325822919 0.7371392814005268 0.5661023425329924 43 11
0.6730814089106602 0.5907410667136067 0.6927543402651455 0.6093378008993916 43 12
0.794961511546536 0.38860529249545267 0.8280774771890508 0.42575610616347764 43 13
0.8356076510380219 0.397113184298539 0.8586521530334561 0.42253769508861655 43 14
0.8978889666433403 0.26603297541512644 0.9160469752754049 0.28307321517796785 43 15
0.8556099836715652 0.3504077920553893 0.8905511008920646 0.37939041236810395 43 16
0.6352927455096804 0.6317549727160711 0.6699361147896444 0.668165652646739 43 17
0.8701306274784232 0.31514404740949364 0.9193067217719051 0.36525291714428476 43 18
0.8242360625145789 0.3965851082555888 0.880291630891919 0.44918143608735267 43 19
0.6827035222766503 0.5845801795458546 0.7314638299110846 0.6292214090468212 43 20
0.8747375787263821 0.32089420876606234 0.8897943740268056 0.3313493813008847 44 10
0.7481922090039654 0.5239101097224667 0.7650945180959587 0.5403697498750845 44 11
0.7038138558432471 0.5661561931584815 0.7259339028188075 0.5838844311201247 44 12
0.74469325868906 0.46494161825969604 0.782586550635214 0.5116097933750698 44 13
0.8469792395614649 0.3802734260400164 0.8729426488350772 0.4075331393469124 44 14
0.8959645439701422 0.27377809071172915 0.9152756959704295 0.29039179378655616 44 15
0.8596337765337065 0.34289737722232 0.8980747122255046 0.37555477177203656 44 16
0.655936552367623 0.6129789356333979 0.6957084855275987 0.6540869411868442 44 17
0.865815255423373 0.3275244968608813 0.9183026034314653 0.380419128236781 44 18
0.8332167016561698 0.3817403039371003 0.8950186998850357 0.4406137024953708 44 19
0.7150104968509448 0.5524848911576601 0.7749028624648923 0.606192869529436 44 20
0.8623746209470492 0.3235345889808132 0.8801024491756043 0.3370954942244952 45 10
0.7155936552367623 0.5446224256292906 0.7347963386061673 0.5662639978837845 45 11
0.665850244926522 0.5980167810831426 0.6842993727898482 0.6164359403932633 45 12
0.8095404711919757 0.36536994660564454 0.842426182749538 0.40569614672427473 45 13
0.8383484954513646 0.3897201196972364 0.8642111850051661 0.4166299268142139 45 14
0.9026125495684628 0.25341782550020536 0.9213295108925011 0.27115480704229494 45 15
0.889024959178913 0.28598251481546677 0.9213586157719341 0.3173000617229521 45 16
0.6120830417541404 0.6517045121164114 0.6506541321652575 0.6886077065514505 45 17
0.8766036855609983 0.3037023998122396 0.9263355501549835 0.3524527525497458 45 18
0.8233030090972708 0.3972892096461891 0.8821106858564839 0.453443258971872 45 19
0.7157686027525075 0.5494337851317256 0.7722688708762024 0.5992857772683184 45 20
0.8754956846279449 0.31549609810479373 0.892413813175779 0.32780765952443935 46 10
0.7114532306974575 0.5567094995012615 0.7305615786486604 0.5773300414425536 46 11
0.6722649871705155 0.6014786129202605 0.6891162303360159 0.6167886429768098 46 12
0.7447515745276417 0.46646717127266324 0.7831104384650086 0.5134467859977074 46 13
0.8470375554000467 0.37833714721586575 0.873553851303171 0.4066219910060841 46 14
0.8975973874504315 0.2686733556298774 0.9155958496441928 0.28498368750551095 46 15
0.877186843946816 0.3135598192806431 0.9126999141406057 0.3457514034623637 46 16
0.624037788663401 0.6387959866220736 0.6687573671726065 0.6820827087558416 46 17
0.8349078609750408 0.382855131138884 0.8929377010055736 0.4368074537812656 46 18
0.8075577326801959 0.43255295429208473 0.8718803207357714 0.4932251712077124 46 19
0.7323303009097271 0.5303643724696356 0.7977356403801097 0.5894248008699997 46 20
0.9142757172848146 0.2325294842457314 0.9288822271053743 0.24593657231872557 47 10
0.6527291812456263 0.5991902834008097 0.6714350160804459 0.6219910060841196 47 11
0.6272451597853977 0.6348647538578889 0.6430286537538018 0.6517649825118302 47 12
0.6537205505015162 0.5018482661503256 0.7060552701660433 0.5550362989742234 47 13
0.8318754373687893 0.39764126034148917 0.8575461676150007 0.42559445081268554 47 14
0.9149171915092139 0.22953705333568034 0.9326658614316691 0.2462010992563854 47 15
0.8906578026592022 0.28703866690136715 0.9250403830202133 0.3207095200305676 47 16
0.6222299976673664 0.6415537170685912 0.663241992520046 0.680671898421656 47 17
0.8413226032190343 0.3696532300651294 0.8967358877715849 0.4197160744202451 47 18
0.7988686727315139 0.4484539106964736 0.8562801053596636 0.5025130059077683 47 19
0.7403778866340098 0.5163996948893974 0.8053174614724159 0.5737589277841461 47 20
0.9165500349895032 0.23029982984216393 0.9320110016444257 0.24430532286982334 48 10
0.7116281782132027 0.5565334741536114 0.7300813481380153 0.5774476089704024 48 11
0.6127828318171216 0.6501789591034443 0.6271228371436471 0.667004673309232 48 12
0.6553533939818055 0.5559467229947779 0.7048037603504228 0.6086176997913176 48 13
0.8028341497550735 0.44358387607815525 0.8317010346784638 0.4725773741292655 48 14
0.903778866340098 0.25869858592970724 0.9226828877861374 0.27554889339564415 48 15
0.8597504082108701 0.34782608695652173 0.8975944817148594 0.38177115480704227 48 16
0.6160485187777001 0.6461890512233762 0.659705749668932 0.6889457131940158 48 17
0.8400396547702356 0.37258698585929706 0.8971724609630805 0.4270346530288334 48 18
0.8127478423139725 0.4286803966437834 0.8753292489485862 0.4874055785791964 48 19
0.720258922323303 0.5438009740069236 0.7896153790182924 0.604752667313288 48 20
0.9096104501982738 0.23446576306988207 0.9259717391620705 0.24864062545924814 49 10
0.7424189409843713 0.5189227248723817 0.7625623935852845 0.5391793786556153 49 11
0.6166316771635176 0.6437246963562753 0.6322161910444286 0.6609499456250184 49 12
0.7094704921856776 0.4833656046470692 0.7549805724929785 0.5314787055815183 49 13
0.8124562631210637 0.42873907175966675 0.8415675888062634 0.4563824471680922 49 14
0.9062281315605318 0.25177492225547143 0.9238761878428918 0.26740734209211414 49 15
0.8867506414742244 0.2994191163527548 0.9198160571619832 0.3297328277929636 49 16
0.5700373221366923 0.6862641553717068 0.6086266862639521 0.7237603973782442 49 17
0.8308257522743177 0.38355923252948426 0.8857779006650465 0.4350292449225524 49 18
0.852519244226732 0.35873965851082557 0.9093819578852395 0.40944361167445553 49 19
0.7452181012362957 0.5102974828375286 0.8125936813306751 0.5693942333127591 49 20
0.8978306508047585 0.2486651411136537 0.918098869275434 0.2647326808335538 50 10
0.7641707487753674 0.49650883060494044 0.7866757861955557 0.5170913793610205 50 11
0.6581525542337299 0.611688083083964 0.6756843284776692 0.6283984363518796 50 12
0.7810240261254957 0.4319662031332512 0.8207430475719254 0.47946977044940187 50 13
0.8276766969909027 0.40914158305462656 0.8573133285795363 0.4382476559974135 50 14
0.8982388616748309 0.2718418118875785 0.9192921693321885 0.2918466919436852 50 15
0.859283881502216 0.3453030569735375 0.8978418731900403 0.37847926402727566 50 16
0.5584907860975041 0.6917209411488587 0.6044210311858783 0.7344737383534667 50 17
0.8363657569395848 0.37616616792818164 0.8955280352751138 0.43209005672633216 50 18
0.8158385817588056 0.42322361086663146 0.8801170016153208 0.48342297857331806 50 19
0.7404945183111733 0.5193334506835651 0.8069764396000989 0.5808129794550745 50 20
0.9141007697690693 0.1781963269377457 0.9347759651905642 0.19838050730388268 51 10
0.7347212502915792 0.5195681511470985 0.7548350480958133 0.5418099520912324 51 11
0.6904012129694425 0.5800621956228363 0.7080780592866394 0.5945242923904418 51 12
0.8076743643573595 0.38086017719884996 0.8453657755722747 0.4236545866031802 51 13
0.8190459528808024 0.4212873320424808 0.8469810963808082 0.4473885312876584 51 14
0.893631910426872 0.2791762013729977 0.9133402214881324 0.2967551362313729 51 15
0.8738628411476557 0.3145572962506601 0.9072718541263443 0.3426652558563325 51 16
0.541345929554467 0.7006982338790119 0.5805841349302211 0.7413220468506598 51 17
0.8560765103802193 0.3288153494103151 0.9116375860412999 0.38548922787526085 51 18
0.8555516678329834 0.3522267206477733 0.912903648296637 0.40551979543250155 51 19
0.7623629577793328 0.4872968374112539 0.8280047149904681 0.5457337683331863 51 20
0.8666316771635176 0.3147919967141935 0.8849047542820554 0.3295417805602093 52 10
0.7162351294611616 0.547497506307575 0.7369355472444955 0.5694971048996267 52 11
0.6625845579659435 0.607522149856246 0.6811997031302298 0.624224789113247 52 12
0.7543153720550502 0.4634747403626122 0.7939083487346653 0.5113011786144667 52 13
0.8227198507114533 0.42199143343308104 0.8493968013737503 0.44985744937248334 52 14
0.8874504315372055 0.2914393005926187 0.9052490650057482 0.30746847720659554 52 15
0.8666899930020994 0.33949422050108546 0.9004904172184467 0.3674573082914499 52 16
0.5902729181245626 0.6679575192161005 0.6308191568316428 0.7077271257678629 52 17
0.8560181945416375 0.3348588863463005 0.9132092495306838 0.3932339887723011 52 18
0.8364240727781665 0.38954409434958637 0.8998355574312034 0.4490491726185228 52 19
0.7735012829484488 0.4762072405093 0.8429937278984821 0.5382682303147871 52 20
0.9143340331233963 0.1788417532124626 0.9346740981125485 0.19911530435293773 53 10
0.7195591322603219 0.5283107434137182 0.742756523131103 0.5532580901155101 53 11
0.6618847679029625 0.6005984861820102 0.6812142555699463 0.6191840813567293 53 12
0.7587473757872638 0.44358387607815525 0.7978957172169914 0.4910501719425095 53 13
0.8566013529274551 0.37258698585929706 0.8786181003245194 0.39561473121123947 53 14
0.8828434802892465 0.29754151264448747 0.8992680122822592 0.31205361079269905 53 15
0.8814439001632843 0.3137945197441765 0.9119286348356302 0.3371836698703818 53 16
0.530965710286914 0.7095581763773984 0.5700627210151782 0.7481850512888341 53 17
0.8820853743876836 0.2829314087895324 0.9285620734316108 0.3297034359110014 53 18
0.8734546302775834 0.3201314322595787 0.9285184161124612 0.3727184551626841 53 19
0.7702355959878703 0.48125330047526843 0.8315264054018656 0.5344913734826441 53 20
0.8754373687893632 0.2937276301120695 0.8950914620836183 0.31046644916674015 54 10
0.7519827385117798 0.5110015842281288 0.7725453672308162 0.5317579284601593 54 11
0.6664917191509214 0.6028281405855777 0.686060217995547 0.6202421891073685 54 12
0.7288896664334034 0.5043126210174265 0.7680050060392625 0.5499074155718191 54 13
0.8627828318171216 0.3636683682450273 0.8854722994309996 0.38798753784204804 54 14
0.8829601119664101 0.297130786833304 0.9017128221546342 0.3142139141169209 54 15
0.8610333566596687 0.3546324003989908 0.8962993145800894 0.383181965141228 54 16
0.5864240727781665 0.6705978994308514 0.6318523800515157 0.7143402992093584 54 17
0.8746792628878003 0.2909698996655518 0.9278053465663518 0.34839667283896186 54 18
0.8664567296477723 0.3263509945432142 0.9265974940698808 0.3843576404197161 54 19
0.7793911826452065 0.47286275890394885 0.8450747267779444 0.5289656996737501 54 20
0.9293212036389084 0.16341019773514054 0.9474365877439352 0.1830967286835376 55 10
0.7136692325635643 0.5402217919380391 0.7351164922799307 0.5649560591364665 55 11
0.6266036855609983 0.6350994543214222 0.6430723110729514 0.6526467389706962 55 12
0.7691859108933986 0.44634160652467286 0.8043278955716926 0.4883755106839491 55 13
0.8904245393048752 0.3104500381388253 0.9124670751051414 0.3307615436616407 55 14
0.8782948448798694 0.30229419703103916 0.8956590072325625 0.3194015812832496 55 15
0.885409377186844 0.3072815818811242 0.9162216045520032 0.3320253945860153 55 16
0.5196524376020527 0.7183594437599015 0.562422690164006 0.7623813302765776 55 17
0.8853510613482621 0.2655635744880596 0.9341502102827539 0.31819651412279926 55 18
0.8621413575927221 0.3345068356510004 0.9172402753321595 0.38983922640566676 55 19
0.7829484487986937 0.46382679105791236 0.8462971317141319 0.5190165476295447 55 20
0.8764287380452531 0.29454908173443645 0.8956881121119956 0.31212709049760456 56 10
0.6925588989969675 0.5683858475620489 0.7116434070171864 0.5916291920171649 56 11
0.6642174014462328 0.6041776682508948 0.6846195264636116 0.6215060400317433 56 12
0.7253907161184978 0.5121750865457959 0.7633482253299766 0.5567410281280311 56 13
0.8784114765570329 0.32770052220853135 0.9040848698284267 0.3555829879787203 56 14
0.8831933753207372 0.29730681218095406 0.9004467598992971 0.31446374511359965 56 15
0.8810356892932121 0.31156486534060907 0.9146062837434696 0.33916762190283045 56 16
0.537963610916725 0.7063897201196973 0.5842513497387837 0.7485671457543427 56 17
0.8573011429904362 0.3152613976412603 0.9152756959704295 0.3773182846897687 56 18
0.8223699556799626 0.4069119286510591 0.8854868518707161 0.46927078740851774 56 19
0.7924539304875204 0.45819397993311034 0.8590887262249516 0.5147841166269876 56 20
0.9252390949381852 0.16798685677404213 0.9438421351339552 0.1886370984334127 57 10
0.6298693725215768 0.6150912398051986 0.647918273498552 0.6408458983628722 57 11
0.6282948448798694 0.6317549727160711 0.6460410087751212 0.6506627869382476 57 12
0.716410076976907 0.5108842339963622 0.7536854053582083 0.5496722805161215 57 13
0.8720550501516212 0.3363257642433844 0.8981620268638038 0.3637392352232313 57 14
0.8786447399113599 0.30288094818987266 0.8950478047644688 0.31922522999147634 57 15
0.8851177979939352 0.3021768467992724 0.9190738827364408 0.3311289421861682 57 16
0.5222766503382319 0.7187701695710849 0.5645910036817673 0.76054433765394 57 17
0.8504198740377886 0.3217743355043126 0.9074464834029425 0.38006642565323456 57 18
0.8310590156286447 0.3899548201607698 0.891686191189953 0.4505628545395762 57 19
0.7941450898063914 0.4544387725165757 0.8541117918419023 0.5059224642153837 57 20
0.8725215768602752 0.29959514170040485 0.8924574704949285 0.3170355347852923 58 10
0.6635176113832517 0.5998357096755266 0.680981416534482 0.6218440466743086 58 11
0.6620013995801259 0.6044123687144282 0.6828004714990468 0.6241219175263792 58 12
0.7557149521810124 0.4793170216511178 0.7922348181672657 0.5198248243835053 58 13
0.8511196641007698 0.37082673238279645 0.8786617576436689 0.3994503718073068 58 14
0.8822020060648472 0.301942146335739 0.9002721306226988 0.32035681744702116 58 15
0.8678563097737345 0.33016487707563225 0.9046524149773709 0.361358492784293 58 16
0.5496267786330767 0.7022824620078625 0.5935503587176391 0.7402345472180584 58 17
0.839689759738745 0.3328052572903831 0.90114527700569 0.39858331128942187 58 18
0.7926871938418475 0.45185706741770815 0.8576334822532997 0.5148869882138554 58 19
0.8043503615581992 0.44158892213812123 0.8696974547782936 0.49685506863004436 58 20
0.8557849311873105 0.31267969254239275 0.8766971782819389 0.3313787731828469 59 10
0.6848612083041754 0.5740773338027343 0.7049638371873045 0.5969932104752668 59 11
0.6291695824585958 0.6271196385612862 0.6493444125907708 0.6485024836140258 59 12
0.7338465127128528 0.4769700170157836 0.771948717202439 0.5165917173676631 59 13
0.8808607417774668 0.3200727571436954 0.9049289113319848 0.3461628898098345 59 14
0.8760205271751808 0.3093352109370416 0.8936362181119665 0.3268671193016489 59 15
0.8925239094938185 0.2831074341371824 0.9268739904244947 0.3141551303529965 59 16
0.5585491019360859 0.6961802499559937 0.5993858870439629 0.7303441789377774 59 17
0.8356076510380219 0.3250014668778971 0.8950186998850357 0.38913382123857393 59 18
0.8157802659202239 0.40849615677990964 0.8766971782819389 0.47053463833289244 59 19
0.8315255423372988 0.39588100686498856 0.8930541205233057 0.44446403903241927 59 20
0.84913692558899 0.3453030569735375 0.868867965714452 0.3620638979513858 60 10
0.6767553067413109 0.5807076218975532 0.6964652123928576 0.6070452341063398 60 11
0.6236295777933286 0.6371530833773397 0.6437999330587773 0.6587455544778532 60 12
0.7364124096104502 0.4816053511705686 0.7773040150181177 0.5286423889721659 60 13
0.8802192675530675 0.3225957871266796 0.906646099218534 0.3499985304059019 60 14
0.856368089573128 0.3499383911283225 0.8782251844521735 0.37155747582517706 60 15
0.8857592722183345 0.30159009564043887 0.9195541132470859 0.3298356993798313 60 16
0.5640307907627712 0.6911341899900252 0.6098927485192892 0.7283014431414043 60 17
0.8382318637742011 0.3446576306988206 0.8961974475020738 0.4108838138906034 60 18
0.8286680662467927 0.3927712257231708 0.8936362181119665 0.456940892925374 60 19
0.8198040587823653 0.4173560992782961 0.8848319920834727 0.47100490844428766 60 20
0.8322836482388617 0.3340374347239336 0.8547084418702795 0.3535990359462716 61 10
0.6821786797294145 0.5592325294842457 0.7088202337121818 0.5884842606472093 61 11
0.6439234896197807 0.6125095347063311 0.6663125573002314 0.6344384680951122 61 12
0.6976323769535806 0.5116470105028458 0.7405591047339086 0.5536695764629809 61 13
0.8761371588523443 0.3280525729038315 0.9021202904666967 0.3545689680510243 61 14
0.865815255423373 0.3364431144751511 0.8855159567501492 0.3557887311524557 61 15
0.9079192908794028 0.25394590154315555 0.9387633336728902 0.2822796343649884 61 16
0.5624562631210637 0.6954761485653934 0.6027620530581952 0.7313288069835111 61 17
0.8428388150221601 0.3423106260634865 0.8958045316297277 0.4010669253152279 61 18
0.8569512479589456 0.3357976882004342 0.9143879971477218 0.38992740205155335 61 19
0.8315838581758805 0.39365135246142113 0.8934615888353683 0.44337653939981775 61 20
0.8386400746442734 0.3268790705861644 0.8615771934164763 0.34783822708168005 62 10
0.6690576160485188 0.585460306284105 0.6902513206339043 0.614187461423155 62 11
0.6308607417774668 0.6280584404154198 0.651847432222012 0.6498545101842871 62 12
0.6619430837415442 0.5642785894502141 0.7050074945064541 0.6091908414895806 62 13
0.8623746209470492 0.35756615619315846 0.8882227105374216 0.38379919466243423 62 14
0.8540937718684395 0.353341547849557 0.877148303913151 0.3761132175293184 62 15
0.8836599020293912 0.30364372469635625 0.9191903022541729 0.33331863739235223 62 16
0.5556916258455796 0.6967083259989438 0.6015833054411572 0.7388237368838727 62 17
0.8070912059715418 0.40591445168104207 0.8700030560123405 0.46810980807101077 62 18
0.8632493585257756 0.3271137710496978 0.9244000756726866 0.38647385592099465 62 19
0.813097737345463 0.4252185648066655 0.8798114003812739 0.4822326073538489 62 20
0.8332750174947515 0.3340374347239336 0.8559308468064671 0.3545395761690621 63 10
0.6661418241194308 0.5646893152613977 0.692827102463728 0.5951856097345913 63 11
0.5639724749241894 0.6735903303409024 0.5841203777813351 0.6943244275930988 63 12
0.5827501749475158 0.6136243619081148 0.6292329409025423 0.6573494400846486 63 13
0.8860508514112433 0.31485067183007687 0.9098330835164515 0.3366252241131 63 14
0.8734546302775834 0.3157307985683272 0.8925593375729441 0.33484701525438676 63 15
0.9056449731747143 0.2588746112773573 0.9366968872331446 0.2865708491314699 63 16
0.508455796594355 0.7336149738895734 0.5474773345751415 0.7751080151662111 63 17
0.7918707721017029 0.4203485301883471 0.8538352954872884 0.4804397025541545 63 18
0.8740961045019827 0.3010620195974887 0.9335826651338097 0.3613291009023308 63 19
0.8043503615581992 0.433433081030335 0.8665977851186751 0.4867442612350469 63 20
0.842372288313506 0.3521093704160066 0.863308933742742 0.3705728477794433 64 10
0.6403079076277117 0.6016546382679105 0.6622669790590392 0.630059077682744 64 11
0.620422206671332 0.6329284750337382 0.642417451285708 0.6558945419275196 64 12
0.6337765337065547 0.601067887109077 0.6769940480521559 0.6396261352614407 64 13
0.8794611616515046 0.3242386903714135 0.9052054076865986 0.3495282602945067 64 14
0.8594588290179612 0.34694596021827145 0.8834495103104035 0.36950004408782294 64 15
0.9015045486354094 0.2663850261104266 0.9344267066373677 0.2950797989595274 64 16
0.4998833683228365 0.7384850085078918 0.5454254405751124 0.7823531140698939 64 17
0.7642873804525309 0.4658217449979464 0.8293726443238209 0.5245863092613821 64 18
0.8350828084907861 0.37863052279528253 0.9013926684808709 0.44503718073068216 64 19
0.8055166783298344 0.43736431379451973 0.8701194755300726 0.49368074537812656 64 20
0.8980639141590856 0.2337616616792818 0.918040659516568 0.25393116421244455 65 10
0.6310356892932121 0.6006571612978936 0.6549179970021974 0.6283249566469741 65 11
0.5607651038021927 0.6749985331221029 0.5823158752564868 0.6971166563795079 65 12
0.5660718451131327 0.6318136478319545 0.6123375583916644 0.6734708873409164 65 13
0.902320970375554 0.280877779733615 0.9246911244670168 0.30305969491226525 65 14
0.8534522976440401 0.3574488059613918 0.8748199135585081 0.37968433118772593 65 15
0.8981222299976673 0.2716657865399284 0.929915450325247 0.29796020339182316 65 16
0.4512479589456496 0.7670597899430851 0.49636916629072864 0.8123769214942833 65 17
0.7767086540704455 0.43255295429208473 0.8394138277282186 0.4945771977779737 65 18
0.8740961045019827 0.3002992430910051 0.9340337907650218 0.36074126326308675 65 19
0.8228364823886167 0.4073226544622426 0.8844390762111268 0.45786673720718335 65 20
0.8458712386284115 0.34905826439007215 0.8659574777711483 0.36689886253416804 66 10
0.6074177746675997 0.6307574957460541 0.6310519958671071 0.661038121270905 66 11
0.5747609050618148 0.6702458487355513 0.5976832515971302 0.6922669958557447 66 12
0.6400163284348029 0.5932054215807077 0.6831642824919598 0.6321312053610793 66 13
0.8867506414742244 0.3097459367482251 0.9129327531760699 0.3344943126708403 66 14
0.8319337532073712 0.40086839171507366 0.8577499017710319 0.4242277283014431 66 15
0.8855843247025892 0.3022355219151558 0.9185645473463626 0.32951238867824706 66 16
0.501924422673198 0.7350231766707739 0.5511008920645546 0.7804573376833318 66 17
0.7510496850944717 0.4815466760546852 0.8174105388768427 0.5407371483996121 66 18
0.8626078843013762 0.3201314322595787 0.9281400526798318 0.3865032478029568 66 19
0.8049335199440167 0.4404740949363375 0.8705123914024187 0.4968697645710255 66 20
0.8715885234429671 0.2934342545326527 0.8913951423956227 0.3138171237104312 67 10
0.6373921156986238 0.5959044769113419 0.6615248046334968 0.6249448902213208 67 11
0.5383135059482156 0.6897259872088247 0.5609674461923542 0.7151191840813568 67 12
0.5561581525542337 0.6479493046998768 0.602223612788684 0.687814125738471 67 13
0.8877420107301143 0.3001818928592384 0.9153048008498624 0.3261323222525938 67 14
0.8517028224865874 0.36331631754972715 0.8738012427783518 0.38378449872145315 67 15
0.8992885467693026 0.27225253769876195 0.9285038636727447 0.29788672368691765 67 16
0.49912526242127364 0.738367658276125 0.543897434404878 0.7812215266143491 67 17
0.7660951714485654 0.46153846153846156 0.8275244844798231 0.5173852981806425 67 18
0.8827851644506648 0.283870210643666 0.9411353813466827 0.3435029244922552 67 19
0.812864473991136 0.4263333920084492 0.8702795523669543 0.476868588895747 67 20
0.8523442967109867 0.32863932406266505 0.8717202438988897 0.34760309202598244 68 10
0.6142407277816655 0.6263568620548026 0.6362326644061876 0.6555565352849543 68 11
0.5283414975507348 0.7023998122396292 0.5513337311000189 0.7263027951679746 68 12
0.6340097970608818 0.6030628410491111 0.6764847126620778 0.6420068777003791 68 13
0.8642407277816655 0.34371882884468696 0.8931559876013213 0.37495223819181145 68 14
0.8534522976440401 0.35809423223610864 0.876726283161372 0.37939041236810395 68 15
0.8823769535805925 0.31291439300592616 0.914111500793108 0.3374481968080416 68 16
0.559482155353394 0.6933638443935927 0.607331519129182 0.7376039737824412 68 17
0.7611966410076977 0.48043184885290147 0.8205102085364612 0.536504717397055 68 18
0.8512362957779332 0.3510532183301062 0.9148973325377999 0.4161890485847809 68 19
0.8141474224399347 0.42668544270374936 0.8749217806365237 0.47974899332804277 68 20
0.9002216001866107 0.2230827905885114 0.919670532764818 0.2436293095846927 69 10
0.6344763237695358 0.6001290852549434 0.6560676397398024 0.6274432001881081 69 11
0.5363307674364357 0.6907821392947251 0.5615786486604479 0.7176468859301061 69 12
0.6594938185211103 0.576189637974535 0.6989536795843824 0.6137318872527407 69 13
0.8681478889666433 0.32869799917854836 0.8977545585517412 0.3571701496046792 69 14
0.8494868206204805 0.36531127148976117 0.8706724682393003 0.38676777474061663 69 15
0.9011546536039188 0.2691427565569442 0.9308613589068208 0.29444787349734003 69 16
0.51691159318871 0.7225253769876195 0.5634559133838788 0.7667019369250213 69 17
0.7713435969209237 0.45737252831074343 0.8322685798274081 0.5111542192046556 69 18
0.8691392582225332 0.30734025699700757 0.9308904637862537 0.3701025776680481 69 19
0.8349661768136226 0.39212579944845394 0.891744400948819 0.44008464862005114 69 20
0.9021460228598087 0.21903420759255998 0.9226101255875547 0.2405725538606237 70 10
0.6057849311873105 0.6329871501496216 0.6276030676542922 0.6621697087264498 70 11
0.5269419174247726 0.7032212638619961 0.5503878225184452 0.7270669840989918 70 12
0.6296944250058316 0.6102212051868803 0.6717406173144927 0.648090997266555 70 13
0.8648822020060648 0.3441882297717538 0.8950769096439019 0.37333568468389033 70 14
0.8274434336365757 0.40374347239335795 0.8521181076007392 0.43026776004467565 70 15
0.904012129694425 0.26374464589567564 0.9349069371480129 0.2923169620550804 70 16
0.5503265686960579 0.6974711025054274 0.6002590334269541 0.7456867413220468 70 17
0.783356659668766 0.44827788534882357 0.8462098170758328 0.5068923963201364 70 18
0.8679146256123164 0.3092178607052749 0.9344267066373677 0.3748640625459248 70 19
0.8171798460461861 0.4251012145748988 0.8781378698138743 0.4770890280104635 70 20
0.947515745276417 0.11318429853898962 0.9625420201696815 0.1328366105281721 71 10
0.5666550034989503 0.6342780026990553 0.5940305892282841 0.6666519707256856 71 11
0.5304991835782599 0.6950067476383266 0.5535893592560793 0.7199982364870823 71 12
0.6252041054350361 0.6077568503197793 0.6678260110307493 0.6444170120212798 71 13
0.8904245393048752 0.30065129378630523 0.916105185034271 0.32389853922346645 71 14
0.8505948215535339 0.3608519626826263 0.8717930060974722 0.38390206624930195 71 15
0.9148005598320503 0.23270550959338146 0.945268274226174 0.26030920259824236 71 16
0.4876370422206671 0.7376635568855249 0.5373342840927281 0.7877759162919201 71 17
0.8090739444833217 0.41647597254004576 0.8662485265654787 0.4700643682214972 71 18
0.8617914625612316 0.31831250366719477 0.9260881586798027 0.3815066278693825 71 19
0.8343247025892232 0.3964677580238221 0.8902746045374507 0.4449783969667578 71 20
0.9437252157686028 0.13964677580238222 0.9589621199994179 0.15896599359256974 72 10
0.6329601119664101 0.6033562166285278 0.6572172824774073 0.6326014754724745 72 11
0.5871238628411477 0.6575133485888635 0.6117991181221532 0.6806131146577316 72 12
0.6120830417541404 0.6272956639089362 0.6571299678391083 0.6653587279193487 72 13
0.864590622813156 0.3471219855659215 0.8938399522679977 0.37508450166064133 72 14
0.8254606951247959 0.40544505075397524 0.851099436820583 0.4333392117097258 72 15
0.8947399113599254 0.2821099571671654 0.9269904099422268 0.30857067278017813 72 16
0.5144040121296944 0.7195329460775685 0.5637469621782092 0.769420686006525 72 17
0.7724515978539771 0.47497506307574955 0.8328070200969192 0.5286276930311848 72 18
0.8675647305808257 0.3089831602417415 0.934601335913966 0.3748493666049437 72 19
0.8184627944949848 0.42251950947603123 0.8795349040266601 0.4751491638009582 72 20
0.9639608117564731 0.08824737428856422 0.9768761732904522 0.10428239720189283 73 10
0.579542803825519 0.6312855717890042 0.6079427215972758 0.6657702142668195 73 11
0.5373221366923256 0.6893739365135246 0.5625245572420217 0.7151926637862622 73 12
0.6219967343130394 0.6126268849380978 0.66514836212291 0.6501043411809658 73 13
0.8880335899230231 0.3029982984216394 0.9156104020839093 0.32771948387855276 73 14
0.8510030324236062 0.3606172622190929 0.87201129269322 0.38287335038062487 73 15
0.8948565430370888 0.2803497036906648 0.9256806903677401 0.3043088498956588 73 16
0.5002915791929088 0.7292730153142053 0.5430097355821704 0.7770037915527731 73 17
0.7458595754606951 0.5002640380214751 0.8040950565362283 0.5502160303324222 73 18
0.8891415908560765 0.25863991081382387 0.9477858462971317 0.3191223584046087 73 19
0.83753207371122 0.39030687085606997 0.8926757570906763 0.4374540751844341 73 20
0.9352111033356659 0.1729742416241272 0.951162012311364 0.19145871910178408 74 10
0.5853160718451131 0.6348647538578889 0.611231572973209 0.6681215648237957 74 11
0.6028691392582225 0.6472452033092765 0.625827670008877 0.6696793345677924 74 12
0.6174480989036623 0.6201959748870504 0.6623251888179054 0.6595391352908326 74 13
0.8902495917891299 0.3014140702927888 0.9171238558144272 0.32666137612791346 74 14
0.8575344063447632 0.35099454321422285 0.880742756523131 0.37270375922170296 74 15
0.888791695824586 0.2912632752449686 0.9221444475166262 0.31916644622755197 74 16
0.5302659202239328 0.7130786833303996 0.5779355909018147 0.7574287981659465 74 17
0.7727431770468859 0.4745056621486827 0.8325159713025889 0.5277459365723187 74 18
0.8566596687660368 0.3325705568268497 0.9231631182967824 0.3988037504041384 74 19
0.8209703755540004 0.4178841753212463 0.8840461603387808 0.4729594685947741 74 20
0.95888733379986 0.09440826145631638 0.9725249938152131 0.1109102665843694 75 10
0.5256589689759739 0.6740597312679693 0.5542733239227556 0.7096082062134439 75 11
0.5400046652670866 0.6885524848911576 0.5648383951569481 0.7136201981012844 75 12
0.5505015162118031 0.6471278530775099 0.6045374507036104 0.6953384475207948 75 13
0.8870422206671332 0.30569735375227364 0.9136312702824628 0.3304088410780942 75 14
0.8745043153720551 0.3143225957871267 0.8940145815445959 0.3326132322252594 75 15
0.8893165383718218 0.288505544798451 0.9190447778570078 0.31149516503541724 75 16
0.5299160251924423 0.7154256879657337 0.5722455869726559 0.7563119066513829 75 17
0.7905878236529041 0.4389485419233703 0.8455258524091563 0.4919613202833377 75 18
0.8693142057382786 0.31496802206184354 0.9284311014741622 0.37290950239543835 75 19
0.818171215302076 0.42105263157894735 0.8780360027358587 0.4727096375980954 75 20
0.9406344763237695 0.15554773220677112 0.9565755198859088 0.17529318402257296 76 10
0.6196641007697691 0.6158540163116822 0.6436835135410451 0.6487376186697235 76 11
0.555866573361325 0.6813354456375051 0.5798710653841116 0.7045087146930018 76 12
0.5240844413342663 0.6795751921610045 0.5783576116535937 0.7269788084531053 76 13
0.862899463494285 0.3454204072053042 0.8939272669062969 0.37606912970637507 76 14
0.8616748308840682 0.33749926656105145 0.8827509932040106 0.357875554771772 76 15
0.8779449498483788 0.3125036671947427 0.9128745434172039 0.34231255327278604 76 16
0.5703289013296011 0.6863815056034736 0.6150734170583698 0.7303882667607207 76 17
0.7850478189876371 0.450507539752391 0.8454967475297234 0.5069952679070041 76 18
0.8694891532540238 0.31590682391597724 0.9322292882401735 0.3750110219557358 76 19
0.8137392115698624 0.4339024819574019 0.8749072281968072 0.4885371660347412 76 20
0.9688010263587591 0.0795047820219445 0.9800486051486532 0.09358375216765129 77 10
0.5276417074877536 0.6752332335856364 0.553778540972394 0.7071392881286189 77 11
0.5312572894798228 0.6951240978700933 0.5573002313837915 0.7207183375951562 77 12
0.4651271285281082 0.7236988793052866 0.5132499963618901 0.7635276136731035 77 13
0.8876836948915325 0.3034676993487062 0.9148827800980834 0.329938570966699 77 14
0.857592722183345 0.3430734025699701 0.877483010026631 0.36213737765629134 77 15
0.8896081175647306 0.2877427682919674 0.9193358266513381 0.3109220233371543 77 16
0.5825752274317705 0.6760546852080033 0.6250272858244684 0.719234047556065 77 17
0.8144973174714253 0.3898374699290031 0.8702358950478047 0.4496810980807101 77 18
0.8746792628878003 0.3004752684386552 0.9307449393890885 0.3553478529230227 77 19
0.8064497317471425 0.44399460188933876 0.862886912990963 0.49384240072891866 77 20
0.9433170048985304 0.14152437951064953 0.9595733224675117 0.16070011462833966 78 10
0.6091672498250524 0.6272956639089362 0.6330165752288371 0.6580695411927225 78 11
0.5335316071845113 0.6999941324884117 0.5591774961072223 0.7240690121388472 78 12
0.5573244693258689 0.6643783371472158 0.6075207008454967 0.7058166534403197 78 13
0.884184744576627 0.3104500381388253 0.9143006825094228 0.33941745289950914 78 14
0.8633076743643574 0.3360323886639676 0.8847010201260241 0.35636187285071863 78 15
0.8889666433403313 0.2922020770991023 0.9214604828499497 0.31775563589336625 78 16
0.6173897830650805 0.6490641319016605 0.6614229375554812 0.6936925021309115 78 17
0.8149055283414975 0.3859062371648184 0.8767699404805216 0.4539576169062105 78 18
0.8661651504548635 0.3130317432376929 0.9273687733748563 0.37385004261822885 78 19
0.8083158385817588 0.44405327700522207 0.8682713156860747 0.4971783793316286 78 20
0.9575460695124796 0.0924719826321657 0.9711425120421439 0.11154219204655674 79 10
0.5452530907394448 0.656281171155313 0.5771934164762722 0.6896070305381654 79 11
0.5321903428971309 0.696062899724227 0.556528952078816 0.7204685065984775 79 12
0.4759738745043154 0.7123745819397993 0.524979262773404 0.754724745025424 79 13
0.9071028691392582 0.26221909288270845 0.9339464761267227 0.2887605443376539 79 14
0.8772451597853977 0.30810303350349116 0.8955425877148304 0.32448637686271053 79 15
0.9084441334266387 0.249545267851904 0.9393163263821179 0.2748728801105135 79 16
0.5815838581758805 0.6762307105556533 0.6247798943492877 0.7196308379625548 79 17
0.8184044786564031 0.38619961274423514 0.8746307318421933 0.445595626487964 79 18
0.8637158852344297 0.31485067183007687 0.9253896415734097 0.3736296035035123 79 19
0.824702589223233 0.4196444287977469 0.8797240857429748 0.4672574434941069 79 20
0.9298460461861442 0.17309159185589393 0.9465779938006607 0.1913117596919731 80 10
0.6227548402146023 0.625594085548319 0.6449350233566657 0.651000793580813 80 11
0.56432236995568 0.6843865516634395 0.5843968741359489 0.7053316873879435 80 12
0.573011429904362 0.6443114475151088 0.6218548539662675 0.6893278076595244 80 13
0.9076860275250758 0.26180836707152494 0.9354599298572406 0.2902154424947829 80 14
0.8599836715651971 0.341078448629936 0.8813685114309414 0.36146136437116066 80 15
0.8940984371355261 0.2809364548494983 0.9253750891336933 0.3061311465773153 80 16
0.6207721017028225 0.6453089244851259 0.66481365600943 0.6891808482497134 80 17
0.7999183578259855 0.4333744059144517 0.8581864749625274 0.4891543955559475 80 18
0.8386400746442734 0.3712374581939799 0.9063696028639201 0.43526437997825 80 19
0.8079076277116864 0.4487472862758904 0.8661757643668961 0.5001322634688299 80 20
0.957196174480989 0.09282403332746582 0.9709096730066795 0.1122622931546307 81 10
0.6049685094471658 0.6312268966731209 0.6282288225621026 0.6614349116773947 81 11
0.5224515978539771 0.7102036026521152 0.5474045723765589 0.7319754283866796 81 12
0.47900629811056683 0.708325998943848 0.5303782179082324 0.7521823472356935 81 13
0.9036039188243526 0.2673825030804436 0.932272945559323 0.29597625135937455 81 14
0.8673314672264987 0.32869799917854836 0.8868984385232184 0.34799988243247215 81 15
0.9107184511313273 0.2411547262805844 0.9414700874601627 0.2677012609117362 81 16
0.6001282948448798 0.6622073578595318 0.6387938937962949 0.7017164859065926 81 17
0.785281082341964 0.4436425511940386 0.8434594059694108 0.4997942568262646 81 18
0.8362491252624212 0.37640086839171505 0.8981329219843707 0.43185492167063455 81 19
0.8034173081408911 0.449510062782374 0.8606312848349026 0.5004996619933574 81 20
0.9437835316071845 0.13812122278941502 0.9588893578008353 0.15635011609793376 82 10
0.6715651971075344 0.5883940620782726 0.693583829328987 0.6130852658495723 82 11
0.516445066480056 0.7160711142404507 0.5413798623339203 0.7377950210151956 82 12
0.5798343830184278 0.6407909405621076 0.6300042202075178 0.6861240925256444 82 13
0.9034872871471892 0.2650941735609928 0.9335826651338097 0.2960791229462422 82 14
0.8448798693725216 0.36982925541277945 0.8696392450194275 0.3927196308379626 82 15
0.8942733846512713 0.28252068297834887 0.9260736062400862 0.30884989565881904 82 16
0.5984371355260089 0.6637915859883823 0.6413405707466857 0.705846045322282 82 17
0.7631210636808957 0.4834829548788359 0.8227658366925215 0.5389295476589366 82 18
0.8229531140657803 0.40785073050519277 0.8844972859699929 0.46201099256385386 82 19
0.7978189876370422 0.4594261573666608 0.8591032786646682 0.5144461099844223 82 20
0.9600536505714952 0.09112245496684857 0.9738347133896997 0.10867648355524204 83 10
0.6944833216701656 0.5628117115531304 0.7185121585633831 0.5856038562149134 83 11
0.5076976906927921 0.7187701695710849 0.5351514181352504 0.7421450195456015 83 12
0.58753207371122 0.6306401455142874 0.6401181658104982 0.676013285130647 83 13
0.9021460228598087 0.26274716892565864 0.9319673443252762 0.294300914087529 83 14
0.8645323069745743 0.33151440474094934 0.8849920689203545 0.3505569761631837 83 15
0.9099603452297644 0.2411547262805844 0.9413536679424306 0.2692296387737707 83 16
0.5766853277350128 0.681804846564572 0.6161066402782427 0.7210269523557593 83 17
0.7858642407277817 0.44892331162354043 0.8453512231325582 0.5050260118155365 83 18
0.8304758572428271 0.3932406266502376 0.8852540128352518 0.4410251888428416 83 19
0.8102402612549569 0.4411781963269377 0.8670198058704541 0.49150574611292364 83 20
0.9377186843946816 0.15707328521973832 0.9532575636305427 0.1769979131763807 84 10
0.6718567763004432 0.5886874376576894 0.6930162841800428 0.6130117861446669 84 11
0.5748192209003965 0.6762893856715367 0.5975813845191146 0.6967198659730183 84 12
0.6134243060415209 0.6115707328521974 0.6648427608888631 0.6570702172060077 84 13
0.8850011663167716 0.2939623305756029 0.9180843168357176 0.3269993827704788 84 14
0.8435969209237228 0.37135480842574664 0.8679948193314609 0.39424800869999704 84 15
0.9126428738045254 0.23804494513876664 0.9443951278431829 0.2680098756723393 84 16
0.5763354327035223 0.6816288212169219 0.6209817075832763 0.7238779649060929 84 17
0.7789829717751341 0.46013025875726105 0.8413201973310825 0.5185315815771684 84 18
0.8115815255423373 0.4260986915449158 0.8737430330194857 0.48093936454751196 84 19
0.7900629811056683 0.46840345009681394 0.8534423796149424 0.5259089439496811 84 20
0.9595871238628412 0.09223728216863228 0.9733108255599051 0.10988155071569232 85 10
0.6260205271751808 0.6069353986974124 0.6535500676688447 0.6381565411633306 85 11
0.5863657569395848 0.6652584638854662 0.6082192179518896 0.6872997678041325 85 12
0.6299860041987404 0.5889808132371062 0.6813306750876784 0.635158569203186 85 13
0.9089689759738745 0.248547790881887 0.9371916701835062 0.2776798048379038 85 14
0.8629577793328668 0.33796866748811827 0.8845700481685754 0.35796373041765867 85 15
0.916841614182412 0.23323358563633162 0.9451518547084419 0.2596478852540928 85 16
0.5787846979239561 0.681980871912222 0.6201231136400017 0.7232019516209622 85 17
0.7910543503615582 0.42515988969078217 0.8559308468064671 0.48841959850689237 85 18
0.8389899696757639 0.380038725576483 0.8957608743105782 0.43173735414278575 85 19
0.810706787963611 0.43988734377750394 0.8682567632463583 0.4898304088410781 85 20
0.9420923722883136 0.14457548553658395 0.9579434492192616 0.16319842459512682 86 10
0.6724982505248426 0.5862817579064719 0.6961887160382438 0.6119389824530465 86 11
0.6334266386750641 0.6294666431966203 0.6573191495554229 0.652014813508509 86 12
0.6084674597620714 0.6187290969899666 0.6577557227469185 0.6625518031919584 86 13
0.9113016095171449 0.24567271020360265 0.9396364800558814 0.27559298121858744 86 14
0.8672148355493352 0.33315730798568327 0.88935780083531 0.3532316374217441 86 15
0.918999300209937 0.2298304289150971 0.9482224194886273 0.25754636569379535 86 16
0.6040354560298578 0.6606231297306813 0.6473507283496078 0.7029803368309673 86 17
0.7711686494051785 0.4683447749809306 0.8364596824657654 0.5295829291949563 86 18
0.8193375320737112 0.41776682508947954 0.8812084345940597 0.4743555829879787 86 19
0.7960111966410077 0.4600129085254943 0.8586084957143065 0.5171942509478882 86 20
0.9588290179612783 0.10367892976588629 0.9731070914038739 0.11886077065514505 87 10
0.607592722183345 0.6253593850847855 0.6322161910444286 0.6573200482026864 87 11
0.6125495684627945 0.6396174382444405 0.6363199790444868 0.6625518031919584 87 12
0.6438068579426172 0.5750748107727512 0.6935401720098374 0.6210798577432913 87 13
0.910543503615582 0.24567271020360265 0.9375991384955688 0.2753137583399465 87 14
0.8848845346396081 0.2970134366015373 0.9032553807645852 0.3157275960379743 87 15
0.9220317238161885 0.2130493457724579 0.951947844056056 0.24127795902771654 87 16
0.6148238861674831 0.6514111365369947 0.6553982275128425 0.691444023160803 87 17
0.8072078376487054 0.41189931350114417 0.8665250229200926 0.47238632689651117 87 18
0.8254606951247959 0.406559877955759 0.884613705487725 0.4564118390500544 87 19
0.8159552134359692 0.42844569618024997 0.8744852074450281 0.4815859859506804 87 20
0.9412176347095871 0.15724931056738836 0.956269918651862 0.17599858918966582 88 10
0.6256706321436902 0.6215455025523675 0.6481074552148668 0.651000793580813 88 11
0.650629811056683 0.6129789356333979 0.6740835601088523 0.6378185345207653 88 12
0.6485304408677397 0.5937334976236578 0.6946898147474424 0.6335273197542839 88 13
0.9066363424306042 0.25664495687378985 0.9347614127508477 0.2843223701613614 88 14
0.8790529507814322 0.30481722701402336 0.8996463757148886 0.3253681333215766 88 15
0.9235479356193143 0.20947016370357333 0.95514938079369 0.2406019457425859 88 16
0.6082341964077443 0.6552250190694127 0.6530407322787666 0.6989242571201834 88 17
0.8069745742943784 0.41319016605057796 0.8683295254449408 0.4771918995973312 88 18
0.8021343596920923 0.4458135304817227 0.8622466056434361 0.501160979337507 88 19
0.8214952181012363 0.42527723992254884 0.8817468748635708 0.48030743908532464 88 20
0.9626778633076744 0.09511236284691663 0.9758283976308628 0.11066043558769068 89 10
0.5889899696757639 0.6464824268027929 0.6125121876682625 0.6751315286717808 89 11
0.6570445533006765 0.6075808249721293 0.6797299067188615 0.6282367810010875 89 12
0.6821786797294145 0.5526022413894267 0.7280149016982698 0.5943185492167063 89 13
0.9231980405878236 0.21492694948072522 0.9490228036730358 0.24321782323722188 89 14
0.88925822253324 0.28052572903831485 0.9080140285518867 0.2993710137260089 89 15
0.9382435269419174 0.17837235228539577 0.9668349898860544 0.20528759956500015 89 16
0.5847912292978773 0.6748225077744529 0.6283743469592677 0.7172207036416541 89 17
0.8081408910660135 0.4077920553893094 0.8652880655441885 0.4669194368515416 89 18
